2.903024852275848389e-02
1.149312034249305725e-01
1.492599099874496460e-01
-4.234638437628746033e-02
6.605520844459533691e-02
1.022759899497032166e-01
-6.307324860244989395e-03
3.355692699551582336e-02
4.407664760947227478e-02
3.433495014905929565e-02
-4.139882046729326248e-03
-6.286281347274780273e-02
9.326446056365966797e-02
8.417514152824878693e-03
1.656496375799179077e-01
-1.807001419365406036e-02
3.750431537628173828e-02
-1.544191986322402954e-01
-1.133201792836189270e-01
-1.957387477159500122e-02
