-1.906058378517627716e-02 2.117144763469696045e-01 4.947406351566314697e-01 2.178038656711578369e-01 2.786322236061096191e-01 3.818820118904113770e-01 -2.248215116560459137e-02 -3.524115383625030518e-01 1.215438358485698700e-02 -5.610752850770950317e-02 1.302531454712152481e-02 -4.314733147621154785e-01 1.629210263490676880e-01 -1.684774644672870636e-03 2.621432244777679443e-01 7.170501351356506348e-02 -1.446291059255599976e-01 -6.392342448234558105e-01 -4.945457577705383301e-01 -1.106267794966697693e-01
1.052781939506530762e-01 1.196473836898803711e-01 3.001827001571655273e-01 -1.437829434871673584e-01 8.408062160015106201e-03 2.070612758398056030e-01 -4.178209975361824036e-02 -1.232865918427705765e-02 -1.394526362419128418e-01 -1.104671508073806763e-01 1.777369529008865356e-01 -3.200463056564331055e-01 -3.213808685541152954e-02 2.109568417072296143e-01 4.192453324794769287e-01 -1.303871572017669678e-01 4.370760545134544373e-02 -7.923594117164611816e-01 -4.897118806838989258e-01 -9.006434679031372070e-02
-3.541558235883712769e-02 5.321508646011352539e-02 2.640825510025024414e-01 -5.931996926665306091e-02 1.481614559888839722e-01 1.750001907348632812e-01 1.569588780403137207e-01 -1.264293640851974487e-01 -1.108265295624732971e-01 -2.695520641282200813e-03 -6.527893990278244019e-02 -2.835932374000549316e-01 7.407838106155395508e-02 1.449607126414775848e-02 1.385749131441116333e-01 8.598637580871582031e-02 -1.996580511331558228e-01 -6.132277846336364746e-01 -2.196950763463973999e-01 -6.178227439522743225e-02
2.386671118438243866e-02 -2.059923484921455383e-02 1.058622449636459351e-01 1.534949708729982376e-02 1.017770916223526001e-01 3.413571789860725403e-02 4.084117710590362549e-02 1.452994942665100098e-01 3.104984760284423828e-02 1.108623296022415161e-01 -1.957051269710063934e-02 3.560078144073486328e-02 7.238012552261352539e-02 -6.437008082866668701e-02 2.397036403417587280e-01 -1.028809770941734314e-01 -1.906965672969818115e-01 -3.039362430572509766e-01 -1.370357573032379150e-01 5.637671053409576416e-02
1.812588870525360107e-01 -8.961248397827148438e-02 2.433732151985168457e-01 -7.463258504867553711e-02 1.654951870441436768e-01 -4.360935464501380920e-02 6.418113410472869873e-02 -7.821218669414520264e-02 4.369143396615982056e-02 6.739109009504318237e-02 -1.789613254368305206e-02 -6.647078320384025574e-03 5.437495931982994080e-02 1.021412983536720276e-01 8.863742649555206299e-02 9.785514324903488159e-02 -1.695510596036911011e-01 -3.787997663021087646e-01 -1.405119448900222778e-01 -8.823857456445693970e-02
1.215507537126541138e-01 8.395839482545852661e-02 2.132369726896286011e-01 2.936756797134876251e-02 4.989126697182655334e-02 -5.486484616994857788e-02 -8.575943857431411743e-02 -6.149084866046905518e-02 6.003667414188385010e-02 -1.005203500390052795e-01 -3.678613528609275818e-02 -1.996673643589019775e-01 5.554515868425369263e-03 1.517646908760070801e-01 9.148202836513519287e-02 2.139292657375335693e-01 -1.382074356079101562e-01 -4.262873530387878418e-01 4.443607758730649948e-03 -5.761756747961044312e-02
1.224206760525703430e-01 -1.430702358484268188e-01 1.327278167009353638e-01 1.255238801240921021e-01 2.162558399140834808e-02 1.406383514404296875e-01 1.620959341526031494e-01 1.324466466903686523e-01 1.033931896090507507e-01 -3.993057832121849060e-02 1.783014535903930664e-01 -1.434471756219863892e-01 1.512201577425003052e-01 -5.909910425543785095e-02 -7.852277159690856934e-02 2.597154974937438965e-01 -7.899139821529388428e-02 -2.011773139238357544e-01 -5.857731401920318604e-02 4.104400053620338440e-02
2.934482693672180176e-01 3.671550750732421875e-02 1.224828809499740601e-01 1.040949076414108276e-01 -1.057397499680519104e-01 9.925091266632080078e-02 1.162424609065055847e-01 2.491349875926971436e-01 5.271651968359947205e-02 7.642006874084472656e-02 1.862391456961631775e-02 -6.797320395708084106e-02 -8.698532730340957642e-02 -9.372304379940032959e-02 2.346046268939971924e-02 3.795090615749359131e-01 -2.870274242013692856e-03 -1.154168844223022461e-01 3.670755401253700256e-02 -1.350073963403701782e-01
2.982285916805267334e-01 -1.584655195474624634e-01 4.139423742890357971e-02 -1.513214111328125000e-01 4.471658915281295776e-02 -3.299305215477943420e-02 1.533822715282440186e-01 5.370306316763162613e-03 -1.495803426951169968e-02 3.772899881005287170e-02 -1.770851761102676392e-01 -1.132206246256828308e-01 4.995908960700035095e-02 1.610312163829803467e-01 -2.061152458190917969e-02 4.194907844066619873e-01 -2.887542247772216797e-01 -2.730371057987213135e-02 -2.861465327441692352e-02 -6.387844681739807129e-02
2.024514675140380859e-01 1.726143062114715576e-02 -4.583916440606117249e-02 -5.947466939687728882e-02 -9.297952800989151001e-02 5.643450096249580383e-02 1.867159903049468994e-01 7.490739971399307251e-02 -7.231662422418594360e-02 -2.466128021478652954e-01 -1.082983016967773438e-01 4.617102816700935364e-02 -3.486406430602073669e-02 1.160259097814559937e-01 -1.352924555540084839e-01 2.673576474189758301e-01 -2.169626057147979736e-01 1.931997947394847870e-02 -9.887028485536575317e-02 -1.558474153280258179e-01
4.067289531230926514e-01 1.071139983832836151e-02 -2.044156193733215332e-01 -1.448889523744583130e-01 -2.928719483315944672e-02 2.525602839887142181e-02 2.485931813716888428e-01 2.573593705892562866e-02 -2.308343499898910522e-01 -5.047829821705818176e-02 -1.589308828115463257e-01 -1.122117266058921814e-01 -1.599504202604293823e-01 -9.964445233345031738e-02 -1.648027747869491577e-01 2.986044287681579590e-01 -1.886353641748428345e-01 -2.175512537360191345e-02 9.596029669046401978e-02 -5.359346419572830200e-02
1.804564744234085083e-01 9.735687077045440674e-02 1.038971319794654846e-01 -1.890825927257537842e-01 2.007143944501876831e-02 -2.183366566896438599e-01 8.226785808801651001e-03 1.062612608075141907e-01 -2.101354449987411499e-01 2.171006239950656891e-02 -2.274247258901596069e-01 -4.940023645758628845e-02 -1.036203727126121521e-01 1.831589043140411377e-01 -5.957260727882385254e-02 3.314904570579528809e-01 -1.085860952734947205e-01 -1.640324145555496216e-01 4.886864870786666870e-02 1.405398994684219360e-01
2.070224583148956299e-01 1.129419654607772827e-01 -3.894951939582824707e-02 -1.280803829431533813e-01 5.998134613037109375e-02 -1.937230080366134644e-01 7.958012819290161133e-02 2.935073077678680420e-01 5.981622263789176941e-02 -1.237640082836151123e-01 2.713560499250888824e-02 8.238172531127929688e-02 8.560454845428466797e-02 -2.600849140435457230e-03 8.528998494148254395e-02 2.238335013389587402e-01 1.711708121001720428e-02 1.564428955316543579e-01 1.488201171159744263e-01 -1.472676247358322144e-01
3.295554816722869873e-01 1.627740114927291870e-01 1.019283942878246307e-02 -2.149771302938461304e-01 -1.335165351629257202e-01 6.787947565317153931e-02 -4.840388428419828415e-03 2.660644054412841797e-01 -2.026000320911407471e-01 -2.056031823158264160e-01 -2.118082791566848755e-01 -9.339486062526702881e-02 1.729690283536911011e-01 3.586064279079437256e-02 -4.272737726569175720e-02 2.176741324365139008e-02 -1.543395668268203735e-01 2.558786235749721527e-02 -1.056605428457260132e-01 -8.471933007240295410e-02
-2.759686298668384552e-02 -2.860853634774684906e-02 7.442024350166320801e-02 -2.345453053712844849e-01 -2.033581491559743881e-03 -4.011081531643867493e-02 7.681119441986083984e-02 1.852152496576309204e-01 -1.125323101878166199e-01 -2.039016038179397583e-02 -1.188872903585433960e-01 1.031778529286384583e-01 -1.396204531192779541e-01 -5.786013230681419373e-02 1.340891718864440918e-01 -6.955289095640182495e-02 -7.515259832143783569e-02 -1.582129001617431641e-01 1.787537783384323120e-01 -8.155063539743423462e-02
-6.450968980789184570e-02 1.029161885380744934e-01 -8.968210965394973755e-02 -1.160478070378303528e-01 1.341805756092071533e-01 -8.695409446954727173e-02 -2.393693663179874420e-02 -3.129160404205322266e-02 2.470017224550247192e-02 1.513896286487579346e-01 2.892174385488033295e-02 -8.323471248149871826e-02 1.705286204814910889e-01 -9.213859587907791138e-02 -9.104693681001663208e-02 -8.963344991207122803e-02 -9.628316015005111694e-02 -1.327485442161560059e-01 -6.912758201360702515e-02 -6.527236104011535645e-02
1.053433716297149658e-01 1.803037375211715698e-01 2.016576379537582397e-01 -2.116986364126205444e-01 5.259227752685546875e-02 1.767614632844924927e-01 -5.905840173363685608e-02 8.091546595096588135e-02 7.278643548488616943e-02 -2.842892706394195557e-02 -1.957281380891799927e-01 1.057598665356636047e-01 -3.182192891836166382e-02 1.385549008846282959e-01 8.983928710222244263e-02 -3.776872158050537109e-02 1.523950994014739990e-01 -1.952793076634407043e-02 1.468543261289596558e-01 4.215361550450325012e-02
1.083832699805498123e-02 1.485910117626190186e-01 6.687130779027938843e-02 -9.760161489248275757e-02 -1.716953814029693604e-01 5.137021839618682861e-02 3.259029006585478783e-03 1.876140832901000977e-01 -2.223157137632369995e-02 7.807680964469909668e-02 -3.323329240083694458e-02 -8.251079916954040527e-02 9.572048485279083252e-02 -4.981303960084915161e-02 -4.421322792768478394e-02 -1.464059203863143921e-02 9.813802689313888550e-02 1.648216396570205688e-01 5.556538328528404236e-02 1.004480104893445969e-02
-3.460573032498359680e-02 -1.869382569566369057e-03 1.303611975163221359e-02 -2.562788128852844238e-01 -1.979348957538604736e-01 1.587474644184112549e-01 1.743162721395492554e-01 3.069627285003662109e-02 -1.355511248111724854e-01 -2.040691226720809937e-01 -3.560274839401245117e-02 -7.270748913288116455e-02 1.648448556661605835e-01 1.924255490303039551e-01 2.549965679645538330e-01 -2.084003686904907227e-01 -7.263359427452087402e-02 9.526840597391128540e-02 1.782402992248535156e-01 -9.299869090318679810e-02
2.294133007526397705e-01 9.869907982647418976e-03 -8.811225742101669312e-02 2.082731574773788452e-03 7.905708998441696167e-02 -7.966095954179763794e-02 1.997506013140082359e-03 1.980313956737518311e-01 -6.566841900348663330e-02 -1.140560284256935120e-01 -1.514728367328643799e-01 3.624433279037475586e-02 8.678020536899566650e-02 1.765767633914947510e-01 1.275588721036911011e-01 1.802752166986465454e-02 1.031711474061012268e-01 2.414896711707115173e-02 -4.832675307989120483e-02 4.833387676626443863e-03
1.672763675451278687e-01 2.950675189495086670e-01 -1.880220952443778515e-04 -3.304708003997802734e-01 -1.822730153799057007e-02 -1.393579691648483276e-01 1.778320521116256714e-01 -8.195930160582065582e-03 -1.702341288328170776e-01 -4.145208001136779785e-02 -3.509767353534698486e-02 6.199934054166078568e-03 -1.039794161915779114e-01 2.634794116020202637e-01 2.012747228145599365e-01 -1.774346679449081421e-01 1.599158942699432373e-01 -1.215749531984329224e-01 3.926533460617065430e-02 9.819963574409484863e-02
-1.732096821069717407e-02 3.882503807544708252e-01 1.407644450664520264e-01 -8.206951618194580078e-02 -2.778248190879821777e-01 5.549080204218626022e-03 7.343683391809463501e-02 1.438027024269104004e-01 -1.911460608243942261e-01 -3.065222129225730896e-02 -2.776476740837097168e-01 2.555227093398571014e-02 -1.405629068613052368e-01 5.638263747096061707e-02 7.331151515245437622e-02 -4.563927650451660156e-01 1.053526923060417175e-01 1.749710552394390106e-02 1.317577809095382690e-01 1.030232235789299011e-01
1.503454446792602539e-01 4.721044898033142090e-01 -1.029771715402603149e-01 -1.896608918905258179e-01 -1.761598587036132812e-01 1.259612850844860077e-02 1.399077028036117554e-01 -2.173635736107826233e-02 -1.328277587890625000e-01 -2.299726009368896484e-01 -2.434486299753189087e-01 1.486356109380722046e-01 -1.690912432968616486e-02 5.982020124793052673e-02 -3.442558273673057556e-02 -4.131740927696228027e-01 7.333255559206008911e-02 4.965870082378387451e-02 1.940164342522621155e-02 1.323202550411224365e-01
1.783925741910934448e-01 2.145518809556961060e-01 1.708656549453735352e-02 -2.639385759830474854e-01 -6.265263259410858154e-02 4.291367903351783752e-02 3.948653489351272583e-02 1.496255397796630859e-01 -1.071999594569206238e-01 2.095504105091094971e-02 -1.671438217163085938e-01 3.713140264153480530e-02 -1.366057395935058594e-01 6.813911348581314087e-02 2.245872914791107178e-01 -5.204502940177917480e-01 2.131025642156600952e-01 -4.846116155385971069e-02 6.105829030275344849e-02 8.941362798213958740e-02
7.825921475887298584e-02 2.424175292253494263e-01 -5.260066315531730652e-02 -2.659693062305450439e-01 -1.796118021011352539e-01 -6.602627784013748169e-02 2.227502763271331787e-01 1.894585229456424713e-02 -6.755297631025314331e-02 2.240690775215625763e-02 -3.689553141593933105e-01 1.973870545625686646e-01 -2.032086849212646484e-01 3.510958254337310791e-01 1.270480006933212280e-01 -3.887999355792999268e-01 1.414529681205749512e-01 1.402877271175384521e-02 -7.208422571420669556e-02 1.182824820280075073e-01
1.046643555164337158e-01 2.869063019752502441e-01 -1.035580188035964966e-01 -2.415491044521331787e-01 -6.751755625009536743e-02 -1.877526342868804932e-01 1.421273350715637207e-01 1.848443895578384399e-01 -9.774515032768249512e-02 7.649676501750946045e-02 -2.025405913591384888e-01 1.170635223388671875e-01 -1.199594605714082718e-02 1.631172448396682739e-01 7.733870297670364380e-02 -3.012594580650329590e-01 6.380330771207809448e-02 -1.358363330364227295e-01 9.050947427749633789e-02 -1.742751151323318481e-01
7.128252834081649780e-02 2.116410583257675171e-01 7.596831303089857101e-03 6.733236368745565414e-03 1.375379506498575211e-02 -1.530564725399017334e-01 2.099306136369705200e-01 5.330815538763999939e-02 2.187300473451614380e-02 -9.664496034383773804e-02 -1.621602624654769897e-01 1.291835494339466095e-02 -2.442308664321899414e-01 1.695104241371154785e-01 1.467505693435668945e-01 -3.054949641227722168e-01 2.251700013875961304e-01 -2.917239665985107422e-01 5.194674432277679443e-02 -1.601380854845046997e-02
-1.799743436276912689e-02 3.475583195686340332e-01 -8.841925859451293945e-02 -8.865231275558471680e-02 -1.249884963035583496e-01 2.569242939352989197e-02 -9.700244665145874023e-02 6.132227554917335510e-02 -1.395608931779861450e-01 -1.340016573667526245e-01 -3.951720148324966431e-02 3.386721611022949219e-01 3.273832798004150391e-02 2.182201594114303589e-01 7.212529331445693970e-02 -2.049492001533508301e-01 2.901529073715209961e-01 -2.296846508979797363e-01 1.439788043498992920e-01 1.325232982635498047e-01
-1.385769248008728027e-01 2.547994554042816162e-01 8.475529029965400696e-03 -1.697174087166786194e-02 -6.767247617244720459e-02 9.835115075111389160e-02 1.946230530738830566e-01 2.000543326139450073e-01 1.275003850460052490e-01 -6.319783627986907959e-02 -1.770902425050735474e-02 4.101272672414779663e-02 4.821906611323356628e-02 2.105074971914291382e-01 -1.337857395410537720e-01 -1.417857557535171509e-01 2.235584557056427002e-01 -2.299967706203460693e-01 4.252365976572036743e-02 1.325855106115341187e-01
-1.484387516975402832e-01 1.293139606714248657e-01 -8.096441626548767090e-02 -1.322441697120666504e-01 -7.670621573925018311e-02 -1.769272238016128540e-01 -9.457239508628845215e-02 1.381338238716125488e-01 -1.010194048285484314e-01 9.306035935878753662e-02 -2.887603454291820526e-02 2.705293595790863037e-01 -1.514567881822586060e-01 2.476417869329452515e-01 -6.173421815037727356e-02 1.591561734676361084e-01 1.700980216264724731e-01 -1.512851119041442871e-01 -1.056549847126007080e-01 -1.591029167175292969e-01
-8.651594072580337524e-02 2.262226790189743042e-01 1.126588508486747742e-01 -2.434570789337158203e-01 1.025409158319234848e-02 -2.041467726230621338e-01 2.205009162425994873e-01 3.040502965450286865e-01 -1.223873533308506012e-02 4.846619907766580582e-03 -5.024328082799911499e-02 2.604140341281890869e-01 9.292515367269515991e-02 4.181956127285957336e-02 -2.043989002704620361e-01 6.315146386623382568e-02 1.259691715240478516e-01 1.346500311046838760e-02 2.593309246003627777e-02 3.308825567364692688e-02
5.990105494856834412e-02 2.051842063665390015e-01 1.306109409779310226e-02 -1.391170322895050049e-01 -1.293302420526742935e-02 8.422914892435073853e-02 9.629279375076293945e-02 2.776932716369628906e-01 4.056734964251518250e-02 2.341712713241577148e-01 2.687372267246246338e-02 4.390045627951622009e-02 -1.355026811361312866e-01 -2.899216488003730774e-02 1.173877343535423279e-02 5.203354731202125549e-02 1.653601974248886108e-01 -2.621724605560302734e-01 -1.661602556705474854e-01 6.925493478775024414e-03
5.844741687178611755e-02 -7.256625220179557800e-03 -2.024351209402084351e-01 -1.093527525663375854e-01 -1.110065653920173645e-01 -2.278724461793899536e-01 2.301447093486785889e-01 3.256114721298217773e-01 2.644753158092498779e-01 3.142875730991363525e-01 -7.368848472833633423e-02 1.386329978704452515e-01 -1.138592436909675598e-01 1.471335999667644501e-03 -6.161777675151824951e-02 1.060053110122680664e-01 2.296286374330520630e-01 4.470282793045043945e-02 -7.688178215175867081e-03 -7.433771155774593353e-03
-2.842451818287372589e-02 -6.376495957374572754e-02 -7.452458888292312622e-02 -2.867995798587799072e-01 -7.275215536355972290e-02 2.549583092331886292e-02 -8.874174952507019043e-02 3.573448359966278076e-01 2.540714740753173828e-01 3.574185073375701904e-01 -1.924569755792617798e-01 3.807536512613296509e-02 1.034978926181793213e-01 2.889559417963027954e-02 -9.288714826107025146e-02 1.490665376186370850e-01 2.657873332500457764e-01 8.547001332044601440e-02 -1.244372576475143433e-01 1.370047330856323242e-01
3.724182024598121643e-02 6.739806383848190308e-02 -1.604221463203430176e-01 -2.533253431320190430e-01 1.036729663610458374e-01 -5.409674346446990967e-02 1.468613892793655396e-01 1.240324303507804871e-01 5.545333400368690491e-02 3.593832254409790039e-01 6.763800978660583496e-02 1.044654846191406250e-01 -1.011740788817405701e-02 8.438269793987274170e-02 -7.688347995281219482e-02 2.962686419486999512e-01 4.277904033660888672e-01 3.045479394495487213e-02 1.218254789710044861e-01 -6.171939894556999207e-03
3.135024011135101318e-02 -1.511828303337097168e-01 -1.965418159961700439e-01 -1.959193944931030273e-01 -1.208376660943031311e-01 -1.266814321279525757e-01 1.631522476673126221e-01 1.749918758869171143e-01 1.009556725621223450e-01 3.971811532974243164e-01 9.880757331848144531e-02 1.229754984378814697e-01 1.346165537834167480e-01 4.050217941403388977e-02 -2.181011736392974854e-01 3.002837002277374268e-01 3.550677001476287842e-01 -7.924561388790607452e-03 -4.650113405659794807e-04 9.423026442527770996e-02
-4.032521322369575500e-02 -2.216829061508178711e-01 -1.412069946527481079e-01 -1.680815778672695160e-02 -3.777464479207992554e-02 -1.618126332759857178e-01 7.079249620437622070e-02 3.160178065299987793e-01 2.352284193038940430e-01 2.969099283218383789e-01 -1.526421606540679932e-01 -1.545025315135717392e-02 4.180362448096275330e-02 -2.333982288837432861e-01 6.815733760595321655e-02 1.862430572509765625e-01 3.932412862777709961e-01 -1.228114776313304901e-02 2.575304731726646423e-02 1.123425439000129700e-01
-8.042724430561065674e-02 -7.973454892635345459e-02 -2.734539657831192017e-02 -6.167139858007431030e-02 9.987800568342208862e-02 6.575113534927368164e-02 8.630188554525375366e-02 3.174708485603332520e-01 2.808544039726257324e-01 4.163255095481872559e-01 -1.153124198317527771e-01 9.309647977352142334e-02 8.892453461885452271e-02 -2.339440584182739258e-01 -2.432416230440139771e-01 1.887450665235519409e-01 3.327501118183135986e-01 3.028896637260913849e-02 1.291487924754619598e-02 -1.055640205740928650e-01
-9.240140765905380249e-02 -2.172419279813766479e-01 -1.806875877082347870e-02 -8.925016224384307861e-02 9.978119283914566040e-02 7.568572461605072021e-02 -1.028896868228912354e-01 2.459756135940551758e-01 1.980182677507400513e-01 2.419448494911193848e-01 1.177971363067626953e-01 -5.870460998266935349e-03 1.642807200551033020e-02 -1.702202856540679932e-01 -2.121501564979553223e-01 3.066429197788238525e-01 1.686900407075881958e-01 2.312291115522384644e-01 4.583058133721351624e-02 -7.828787714242935181e-02
4.771570116281509399e-02 -1.216543912887573242e-01 -2.071434818208217621e-02 4.631345160305500031e-03 -2.724657952785491943e-02 1.397296935319900513e-01 6.034493073821067810e-02 1.048099063336849213e-02 3.892093300819396973e-01 5.021699666976928711e-01 4.043638333678245544e-02 -1.164141595363616943e-01 1.725194603204727173e-01 -2.179267406463623047e-01 -1.290453970432281494e-01 2.218145281076431274e-01 4.022513926029205322e-01 1.577506959438323975e-01 3.726504743099212646e-02 -1.501209586858749390e-01
-2.642343342304229736e-01 -1.841457039117813110e-01 -5.438405275344848633e-02 -2.642827332019805908e-01 2.710476517677307129e-01 5.455406382679939270e-02 -2.496772706508636475e-01 1.349543035030364990e-01 3.606155812740325928e-01 2.220275551080703735e-01 1.715054810047149658e-01 -6.618353724479675293e-02 1.034060195088386536e-01 -4.586179256439208984e-01 9.098849445581436157e-02 6.871109455823898315e-02 3.924062252044677734e-01 1.173775866627693176e-01 1.024883314967155457e-01 -1.297888755798339844e-01
-1.959128230810165405e-01 -3.033947944641113281e-01 7.867130637168884277e-02 -6.922444701194763184e-02 2.909324765205383301e-01 2.495335936546325684e-01 -3.389365226030349731e-02 1.978142708539962769e-01 4.951011538505554199e-01 2.667654454708099365e-01 1.863666996359825134e-02 -1.534734666347503662e-01 1.732452213764190674e-01 -4.156337976455688477e-01 -1.131744906306266785e-01 2.674059271812438965e-01 2.962672412395477295e-01 6.537080556154251099e-02 1.386467218399047852e-01 -5.155621469020843506e-02
-7.470621261745691299e-03 -1.321127731353044510e-02 2.091136872768402100e-01 1.612791442312300205e-03 6.851155310869216919e-02 1.086408495903015137e-01 -1.101396530866622925e-01 3.073582239449024200e-02 3.270569741725921631e-01 4.433623254299163818e-01 1.912324428558349609e-01 -4.750674962997436523e-02 1.791602075099945068e-01 -2.463113665580749512e-01 8.545883744955062866e-02 2.532303333282470703e-01 3.723628520965576172e-01 2.634126842021942139e-01 1.017718836665153503e-01 -8.236457407474517822e-02
-1.617023944854736328e-01 -1.813733130693435669e-01 1.854345649480819702e-01 -1.802397817373275757e-01 1.653986275196075439e-01 6.273125112056732178e-02 -2.170204073190689087e-01 1.061496436595916748e-01 2.881128787994384766e-01 3.129785358905792236e-01 8.616244047880172729e-02 -3.075646236538887024e-02 1.779112219810485840e-01 -4.556472003459930420e-01 -2.447681874036788940e-02 -2.161574922502040863e-02 1.130719855427742004e-01 1.725670397281646729e-01 2.110448926687240601e-01 -2.236660383641719818e-02
-1.554830074310302734e-01 -3.606019541621208191e-02 1.727265268564224243e-01 -9.439403563737869263e-02 7.979586720466613770e-02 2.158586382865905762e-01 -2.334264218807220459e-01 2.116978615522384644e-01 3.061745166778564453e-01 5.032845735549926758e-01 -5.969238653779029846e-02 -4.077249765396118164e-02 1.336941570043563843e-01 -2.734636366367340088e-01 -1.387922018766403198e-01 -2.656757272779941559e-02 3.289615511894226074e-01 3.113279640674591064e-01 2.803173959255218506e-01 -7.679231464862823486e-02
-1.845622807741165161e-01 -7.891235500574111938e-02 2.646279335021972656e-01 1.664153337478637695e-01 1.619750857353210449e-01 2.410890460014343262e-01 -2.323254011571407318e-02 2.410963475704193115e-01 2.947493195533752441e-01 4.943017363548278809e-01 6.939684599637985229e-02 -9.473324567079544067e-02 2.318939566612243652e-01 -3.405790925025939941e-01 9.577211737632751465e-02 4.842079803347587585e-02 1.915506273508071899e-01 7.881031930446624756e-02 7.339257001876831055e-02 1.553704775869846344e-02
-2.559718787670135498e-01 -1.339003294706344604e-01 6.602937728166580200e-02 1.841889508068561554e-02 8.644572645425796509e-02 1.114712283015251160e-01 -4.438899829983711243e-02 1.095920950174331665e-01 4.986415207386016846e-01 2.524172961711883545e-01 5.898282676935195923e-02 1.447451710700988770e-01 2.876392900943756104e-01 -4.026782810688018799e-01 1.517637223005294800e-01 -1.393836438655853271e-01 9.720580279827117920e-02 3.067490160465240479e-01 2.694300711154937744e-01 -1.624181717634201050e-01
-1.732644885778427124e-01 -1.067988853901624680e-02 -5.505720619112253189e-03 3.888013586401939392e-02 1.414239555597305298e-01 -2.013287879526615143e-02 -5.108461529016494751e-02 1.342206150293350220e-01 2.975181639194488525e-01 3.843356966972351074e-01 1.948940008878707886e-02 -1.453726738691329956e-01 8.717451244592666626e-02 -3.333736956119537354e-01 -5.259845778346061707e-02 -1.125904247164726257e-01 3.566922843456268311e-01 3.385358154773712158e-01 2.462613582611083984e-01 -6.500219553709030151e-02
-2.472806721925735474e-01 -7.251647114753723145e-02 3.638432547450065613e-02 -1.477315574884414673e-01 -1.186374109238386154e-03 -9.989971667528152466e-02 -1.217401400208473206e-01 7.971518486738204956e-02 1.053459346294403076e-01 3.370254933834075928e-01 -1.291469335556030273e-01 -7.504839450120925903e-02 1.586803346872329712e-01 -6.948593072593212128e-03 -7.216530293226242065e-02 -2.531581819057464600e-01 1.501085758209228516e-01 1.191582903265953064e-01 1.038070768117904663e-01 8.147991448640823364e-02
-2.634505927562713623e-01 8.294024318456649780e-02 1.141580194234848022e-01 1.349669694900512695e-01 -1.678163260221481323e-01 -1.520705074071884155e-01 1.586934626102447510e-01 1.606501638889312744e-02 3.145895004272460938e-01 1.589139848947525024e-01 8.635418862104415894e-02 1.610338538885116577e-01 1.438930779695510864e-01 -2.620196156203746796e-02 1.339693963527679443e-01 3.330446779727935791e-02 8.324687182903289795e-02 2.242721468210220337e-01 9.484277665615081787e-02 -5.209163576364517212e-02
-1.902040243148803711e-01 2.121528983116149902e-01 1.444936990737915039e-01 -8.929103612899780273e-02 6.129525229334831238e-02 1.427602209150791168e-02 5.203909426927566528e-02 1.919674873352050781e-01 3.486357331275939941e-01 3.148310184478759766e-01 -6.496418267488479614e-02 -3.000830113887786865e-02 5.560213699936866760e-02 9.034624695777893066e-02 1.094010323286056519e-01 3.806011751294136047e-02 2.618780732154846191e-01 2.868933081626892090e-01 1.627026051282882690e-01 1.429059803485870361e-01
-2.775142490863800049e-01 -8.078430593013763428e-02 -1.087495014071464539e-01 3.795955330133438110e-02 -7.762718200683593750e-02 -2.064579725265502930e-01 6.476492434740066528e-02 2.554336190223693848e-01 2.988640367984771729e-01 2.098975926637649536e-01 -1.692987680435180664e-01 5.520601198077201843e-02 -3.096402809023857117e-02 -1.784153580665588379e-01 -1.594101488590240479e-01 -2.053868472576141357e-01 3.804732114076614380e-02 2.059938162565231323e-01 2.589403688907623291e-01 -1.372439712285995483e-01
-1.577292084693908691e-01 7.640756666660308838e-03 -1.539818197488784790e-01 -1.339853405952453613e-01 -2.305607497692108154e-01 1.346295117400586605e-03 -2.921336703002452850e-02 -2.810886129736900330e-02 4.987849853932857513e-03 2.846983075141906738e-01 -1.389088779687881470e-01 1.946103014051914215e-02 -1.415007114410400391e-01 -1.810296326875686646e-01 -7.548312097787857056e-02 -1.921107918024063110e-01 1.622088998556137085e-01 1.506890207529067993e-01 8.362016081809997559e-02 -3.276526555418968201e-02
8.461657911539077759e-02 -4.909976944327354431e-02 -1.347793936729431152e-01 1.343895494937896729e-01 -1.194979548454284668e-01 2.362075075507164001e-02 -5.297862365841865540e-02 5.401467159390449524e-02 1.229356303811073303e-01 2.058459967374801636e-01 -3.443907573819160461e-02 1.632105410099029541e-01 -2.931751683354377747e-02 -2.269145101308822632e-02 1.858151704072952271e-02 -3.993922844529151917e-02 1.387837678194046021e-01 8.616187423467636108e-02 1.327155232429504395e-01 7.341735064983367920e-02
-1.094269528985023499e-01 5.050029605627059937e-02 2.291847486048936844e-03 9.640321135520935059e-02 -1.982419937849044800e-01 4.846132546663284302e-02 1.385664045810699463e-01 1.616591066122055054e-01 4.025053977966308594e-02 2.321646176278591156e-02 -3.008096814155578613e-01 1.480626165866851807e-01 -1.468155980110168457e-01 2.105774171650409698e-02 -1.825496256351470947e-01 -2.070773690938949585e-01 -3.171340376138687134e-02 -4.415575414896011353e-02 -4.739785939455032349e-02 7.901546359062194824e-02
8.353092521429061890e-02 -3.256931668147444725e-03 -8.565505966544151306e-03 3.643036633729934692e-02 -1.792830526828765869e-01 -9.252732247114181519e-02 1.016405448317527771e-01 2.013911157846450806e-01 -9.396519511938095093e-03 2.375184446573257446e-01 -2.484319061040878296e-01 1.520300656557083130e-01 -1.789359152317047119e-01 -1.162180751562118530e-01 2.726765908300876617e-02 -1.854471415281295776e-01 1.910772919654846191e-01 2.198307402431964874e-02 2.456129789352416992e-01 -8.551160246133804321e-02
-1.043224558234214783e-01 1.570785790681838989e-01 1.608565449714660645e-02 8.040341734886169434e-02 -2.580700516700744629e-01 -2.057541906833648682e-01 -6.618040800094604492e-02 -5.347107723355293274e-02 -6.275451183319091797e-02 1.944118440151214600e-01 -2.531038820743560791e-01 1.206216439604759216e-01 -1.644078940153121948e-01 -2.422982640564441681e-02 2.697010710835456848e-02 -1.018698327243328094e-02 1.910921186208724976e-02 -6.896652281284332275e-02 2.015319615602493286e-01 -1.072464659810066223e-01
1.322836130857467651e-01 3.172937780618667603e-02 -1.159469112753868103e-01 -2.425606995820999146e-01 -3.155591487884521484e-01 -1.085665673017501831e-01 1.778051070868968964e-02 2.330933213233947754e-01 9.503695368766784668e-02 1.959108114242553711e-01 -2.733562886714935303e-01 1.561705768108367920e-01 2.163383737206459045e-02 1.063939854502677917e-01 -8.218439668416976929e-02 1.026651188731193542e-01 1.668003797531127930e-01 -3.623881563544273376e-02 -2.679307572543621063e-02 -4.103886708617210388e-02
-7.219567894935607910e-02 4.587950184941291809e-03 -1.173411607742309570e-01 -1.818838268518447876e-01 -2.612507939338684082e-01 -1.238337159156799316e-01 1.664800643920898438e-01 1.353872269392013550e-01 6.447353214025497437e-02 -1.753636077046394348e-02 -1.157208010554313660e-01 1.072895899415016174e-01 9.048946946859359741e-02 3.820686042308807373e-02 -1.601206511259078979e-01 -8.872728049755096436e-02 1.462822407484054565e-01 1.699977219104766846e-01 -4.192410781979560852e-02 1.175603121519088745e-01
-2.140177041292190552e-02 7.202260941267013550e-02 -1.545449644327163696e-01 -2.475125044584274292e-01 -2.326453179121017456e-01 -2.689137458801269531e-01 1.703607887029647827e-01 -5.493583157658576965e-02 -5.462986975908279419e-02 -1.356734931468963623e-01 -3.437258005142211914e-01 1.957264691591262817e-01 4.427590966224670410e-02 1.479170769453048706e-01 -4.306544736027717590e-02 2.453757226467132568e-01 3.468541800975799561e-02 -1.121614035218954086e-02 -1.354825124144554138e-02 -8.972290903329849243e-03
1.850648075342178345e-01 1.187717616558074951e-01 4.121425747871398926e-02 -1.152481287717819214e-01 -2.889180779457092285e-01 -4.448716342449188232e-02 1.768120527267456055e-01 -1.079206168651580811e-01 -2.200189232826232910e-01 -1.858088374137878418e-01 -9.772142022848129272e-02 1.339214481413364410e-02 -1.021654456853866577e-01 -1.356961578130722046e-01 -1.920637190341949463e-01 2.610539197921752930e-01 2.168161571025848389e-01 2.709796428680419922e-01 -8.010390400886535645e-02 1.552381515502929688e-01
2.623652517795562744e-01 1.047881618142127991e-01 5.473532900214195251e-02 -9.784638881683349609e-02 -6.019957736134529114e-02 -2.566832602024078369e-01 1.637376397848129272e-01 1.751847118139266968e-01 -2.145246267318725586e-01 -1.036334931850433350e-01 -3.415307998657226562e-01 -3.285754099488258362e-02 3.295829286798834801e-03 3.033137321472167969e-02 -1.591027230024337769e-01 -6.117857620120048523e-02 7.426051050424575806e-02 8.497088402509689331e-02 3.175384551286697388e-02 -1.623307317495346069e-01
2.707616686820983887e-01 8.141736686229705811e-02 1.852551940828561783e-03 -2.236201614141464233e-01 -1.604403108358383179e-01 -1.295223385095596313e-01 -6.327780894935131073e-03 -3.859884664416313171e-02 -1.295919120311737061e-01 -2.241109125316143036e-02 -2.058938145637512207e-01 7.260781526565551758e-02 -1.422853916883468628e-01 1.158110704272985458e-02 -3.434795737266540527e-01 1.412621140480041504e-01 2.468020915985107422e-01 -1.758687384426593781e-02 -4.907553270459175110e-02 3.848224878311157227e-02
2.040554881095886230e-01 2.501340210437774658e-01 -6.866653263568878174e-02 -2.585754096508026123e-01 -3.126209676265716553e-01 -3.775939643383026123e-01 1.648440062999725342e-01 -9.937267005443572998e-02 -3.675056993961334229e-01 -3.860939443111419678e-01 -1.917566657066345215e-01 2.742760181427001953e-01 -1.450506001710891724e-01 -5.342746153473854065e-02 -3.030143976211547852e-01 -7.748978585004806519e-02 -4.933301359415054321e-02 2.543055415153503418e-01 1.184565573930740356e-01 1.327913105487823486e-01
1.655199080705642700e-01 2.912144064903259277e-01 5.082263350486755371e-01 -3.471800312399864197e-02 1.162218227982521057e-01 3.388475179672241211e-01 9.694838523864746094e-02 -1.703716814517974854e-01 -8.791835606098175049e-02 -1.906471326947212219e-02 -8.839578926563262939e-02 -3.844651579856872559e-01 2.845512330532073975e-01 6.697361916303634644e-02 4.018438458442687988e-01 2.391182072460651398e-02 1.361315846443176270e-01 -6.667842268943786621e-01 -3.465331494808197021e-01 1.792296650819480419e-03
2.961165308952331543e-01 1.925742775201797485e-01 3.159363865852355957e-01 -1.094963774085044861e-01 -6.099884584546089172e-02 1.711194366216659546e-01 1.450162678956985474e-01 5.421560630202293396e-02 -1.386867016553878784e-01 -1.848345249891281128e-01 -1.546010076999664307e-01 -3.255235254764556885e-01 -7.078300416469573975e-02 -6.655781529843807220e-03 3.684807419776916504e-01 8.879384398460388184e-02 1.330880820751190186e-01 -5.926395058631896973e-01 -5.423010587692260742e-01 4.377492517232894897e-02
1.077141389250755310e-01 2.781552374362945557e-01 6.151422858238220215e-02 -2.572487890720367432e-01 -2.859140746295452118e-03 3.597537800669670105e-02 2.559439837932586670e-01 8.947699517011642456e-02 -4.444220662117004395e-02 -1.908417046070098877e-01 -1.456429511308670044e-01 -1.145899519324302673e-01 -1.178159266710281372e-01 1.745832860469818115e-01 2.407739013433456421e-01 -9.367310255765914917e-02 5.738179013133049011e-02 -5.113875865936279297e-01 -1.991399526596069336e-01 -1.330474168062210083e-01
1.832875758409500122e-01 1.623231917619705200e-01 -3.497735038399696350e-02 1.112480089068412781e-02 -1.908022463321685791e-01 6.279567629098892212e-02 9.363360702991485596e-03 3.514177724719047546e-02 -8.539178967475891113e-02 -1.741066873073577881e-01 -2.984402701258659363e-02 -2.548231743276119232e-03 -6.286796927452087402e-02 1.059532389044761658e-01 -5.679764598608016968e-02 -1.295652240514755249e-01 1.874396502971649170e-01 -3.454938530921936035e-01 -3.515093326568603516e-01 -1.603453010320663452e-01
8.384644985198974609e-02 3.053405880928039551e-01 -8.671260438859462738e-03 -2.345926500856876373e-02 9.778425842523574829e-02 -6.471528112888336182e-02 1.584198623895645142e-01 1.036163270473480225e-01 4.234227538108825684e-02 -1.254239082336425781e-01 -6.259945221245288849e-04 -7.756856083869934082e-02 -1.922666579484939575e-01 -6.587672978639602661e-02 6.120956037193536758e-03 -2.388748340308666229e-02 -6.168649718165397644e-02 -2.840445339679718018e-01 -1.296324580907821655e-01 9.089396893978118896e-02
-5.576332286000251770e-02 4.730634391307830811e-02 -1.671878099441528320e-01 -1.035284325480461121e-01 -4.746725317090749741e-03 -3.426614776253700256e-02 -3.650995343923568726e-02 1.349927335977554321e-01 7.777772843837738037e-02 1.113586351275444031e-01 5.500891711562871933e-03 -5.944523587822914124e-02 8.417189866304397583e-02 -3.297711163759231567e-02 -3.248734027147293091e-02 -1.187167018651962280e-01 2.625965476036071777e-01 -4.276612102985382080e-01 -2.256501168012619019e-01 -2.360474318265914917e-02
7.993263006210327148e-02 8.690193295478820801e-02 -7.304723560810089111e-02 1.591394096612930298e-02 -8.229686319828033447e-02 -8.595194667577743530e-03 1.404097527265548706e-01 8.206549286842346191e-02 4.890843480825424194e-02 2.656836509704589844e-01 4.781964421272277832e-02 7.505269348621368408e-02 -7.402660697698593140e-02 -1.300049945712089539e-03 2.646449208259582520e-02 4.955736920237541199e-02 2.270409762859344482e-01 -1.482860147953033447e-01 -5.586430057883262634e-02 -1.460930109024047852e-01
1.603079438209533691e-01 4.954198747873306274e-02 8.604305237531661987e-02 1.579699069261550903e-01 -8.865401148796081543e-02 -2.563226222991943359e-02 -7.492737378925085068e-03 2.037419080734252930e-01 4.123561456799507141e-02 2.565586268901824951e-01 -6.934819370508193970e-02 7.431647181510925293e-02 -1.128261014819145203e-01 3.551681712269783020e-02 1.067643985152244568e-01 1.485862135887145996e-01 2.800469398498535156e-01 -1.233790889382362366e-01 -1.092326417565345764e-01 -1.243571713566780090e-01
1.449516117572784424e-01 1.906905472278594971e-01 2.112150005996227264e-02 -1.462113950401544571e-02 -8.337793499231338501e-02 6.455535441637039185e-02 2.135392427444458008e-01 -2.805205620825290680e-02 -1.626399531960487366e-02 1.293599009513854980e-01 1.502083092927932739e-01 2.410611696541309357e-02 -2.846274524927139282e-02 1.708195209503173828e-01 7.398123294115066528e-02 1.981715559959411621e-01 3.147648414596915245e-03 -2.357877641916275024e-01 2.329231500625610352e-01 -1.660972386598587036e-01
5.525864288210868835e-02 3.660168871283531189e-02 -1.019845157861709595e-02 1.841750927269458771e-02 1.656775176525115967e-01 -2.954647690057754517e-02 1.699931919574737549e-01 3.140866756439208984e-02 1.386245787143707275e-01 1.635008305311203003e-01 1.322804391384124756e-01 1.439370512962341309e-01 1.067961007356643677e-01 -7.521844655275344849e-02 -1.075569838285446167e-01 1.662588417530059814e-01 -8.323009312152862549e-02 2.299744263291358948e-02 -6.271696835756301880e-02 7.825746387243270874e-02
-8.124219626188278198e-02 -1.307630445808172226e-02 1.348179876804351807e-01 1.034553200006484985e-01 1.330956816673278809e-02 -1.390934288501739502e-01 -6.003278493881225586e-02 -4.893009364604949951e-02 1.675673872232437134e-01 1.375942975282669067e-01 1.189232692122459412e-01 2.084041684865951538e-01 1.163487955927848816e-01 1.275675147771835327e-01 -8.075722306966781616e-02 8.795470744371414185e-02 -4.716034233570098877e-02 6.560599897056818008e-03 -1.633292622864246368e-02 -4.045480489730834961e-02
-9.690751880407333374e-02 1.598488888703286648e-03 -1.999279111623764038e-02 3.888695687055587769e-02 8.900688588619232178e-02 8.036274462938308716e-02 1.282021105289459229e-01 5.554727837443351746e-02 1.455843001604080200e-01 2.463876754045486450e-01 7.168559730052947998e-02 1.415560692548751831e-01 1.187007948756217957e-01 9.607934206724166870e-02 -8.213533461093902588e-02 1.846605837345123291e-01 1.748559027910232544e-01 1.425330638885498047e-01 1.355951577425003052e-01 6.880011409521102905e-02
-1.523009967058897018e-02 -1.589774340391159058e-01 -7.185714691877365112e-02 2.410629093647003174e-01 1.533907055854797363e-01 5.200947448611259460e-02 -5.310138314962387085e-02 8.395590633153915405e-02 1.372276991605758667e-01 4.594890028238296509e-02 2.257369458675384521e-01 -7.859162986278533936e-02 -8.871415257453918457e-02 -1.604334861040115356e-01 -1.687072813510894775e-01 2.842394113540649414e-01 1.981502771377563477e-01 5.388215184211730957e-02 1.696062833070755005e-01 8.496184647083282471e-02
-5.922062695026397705e-02 5.136069655418395996e-02 3.406888246536254883e-02 2.342027276754379272e-01 4.486532881855964661e-02 9.236975014209747314e-02 1.363310664892196655e-01 1.954955607652664185e-01 2.448997274041175842e-02 -2.240607887506484985e-02 -1.645253971219062805e-02 3.907204046845436096e-02 2.169853150844573975e-01 -1.411571353673934937e-01 -1.462198048830032349e-01 1.693172901868820190e-01 -1.282598171383142471e-02 1.758260875940322876e-01 -3.783022612333297729e-02 -6.855398416519165039e-02
1.502521932125091553e-01 -3.587787970900535583e-02 -1.538511365652084351e-01 1.892888247966766357e-01 -2.259057573974132538e-02 -1.509548276662826538e-01 1.496529579162597656e-01 -2.693097293376922607e-02 3.793254867196083069e-02 1.669954210519790649e-01 -7.148391101509332657e-03 1.369980573654174805e-01 -2.551980316638946533e-02 3.789316862821578979e-02 -1.043837666511535645e-01 6.576141715049743652e-02 1.277630478143692017e-01 1.564382016658782959e-01 1.208442971110343933e-01 7.967060082592070103e-04
2.957243006676435471e-03 -1.100069433450698853e-01 -8.292670547962188721e-02 1.516746133565902710e-01 -1.747695915400981903e-02 1.346280574798583984e-01 -6.334061175584793091e-02 -2.500648051500320435e-02 1.873944997787475586e-01 2.291351556777954102e-01 7.739800959825515747e-02 1.808007210493087769e-01 -1.036293432116508484e-01 6.449349969625473022e-02 -3.113990090787410736e-02 -4.694712534546852112e-02 4.969210177659988403e-02 2.235556095838546753e-01 -4.924683272838592529e-02 1.985375396907329559e-02
-9.639634937047958374e-02 2.446765452623367310e-01 5.168530344963073730e-02 3.003276139497756958e-02 -7.717370986938476562e-02 -1.398665923625230789e-02 1.720895245671272278e-02 1.886766850948333740e-01 -5.399607121944427490e-03 1.062844172120094299e-01 1.969351321458816528e-01 2.106539905071258545e-02 -7.492698729038238525e-03 1.163539960980415344e-01 1.338439136743545532e-01 4.350669682025909424e-02 -1.524678617715835571e-01 -4.031447321176528931e-02 1.357330977916717529e-01 4.207682609558105469e-02
-1.714309751987457275e-01 2.145842313766479492e-01 -9.998323768377304077e-02 2.187198549509048462e-01 -1.431025713682174683e-01 -5.686365067958831787e-02 1.010668277740478516e-01 2.085310965776443481e-01 2.215322554111480713e-01 -7.177650183439254761e-02 1.109455376863479614e-01 -5.409766733646392822e-02 4.958875104784965515e-02 4.543387889862060547e-02 1.056645810604095459e-01 -9.971035271883010864e-02 7.678113877773284912e-02 -2.222782745957374573e-02 2.453503385186195374e-02 1.031314432621002197e-01
-1.783740147948265076e-02 6.711252033710479736e-02 -5.699830129742622375e-02 1.226120069622993469e-01 1.128221023827791214e-02 -1.341795623302459717e-01 -7.542899996042251587e-02 -5.765819922089576721e-02 1.098629459738731384e-01 2.025100141763687134e-01 -1.046200618147850037e-01 -7.315424829721450806e-02 6.023802235722541809e-02 4.730178415775299072e-02 -1.034508347511291504e-01 -1.991997659206390381e-02 -1.567765027284622192e-01 -1.677743718028068542e-02 1.078785806894302368e-01 3.064487874507904053e-02
-2.779164910316467285e-01 2.267715483903884888e-01 -5.473972484469413757e-02 -6.909790635108947754e-02 1.801522821187973022e-01 1.426431983709335327e-01 2.633044123649597168e-02 1.596587151288986206e-01 6.258348375558853149e-02 3.512095287442207336e-02 1.406358629465103149e-01 8.417681790888309479e-03 6.221108138561248779e-02 6.756398826837539673e-02 -2.635929360985755920e-02 -8.403293043375015259e-02 -9.820576757192611694e-02 7.118827104568481445e-02 4.389914497733116150e-02 -8.379166573286056519e-02
-2.516320645809173584e-01 1.156896948814392090e-01 1.407891958951950073e-01 -4.809870943427085876e-02 1.861472427845001221e-01 -1.376808285713195801e-01 1.069726496934890747e-01 -3.132315352559089661e-02 -2.704130485653877258e-02 1.115264520049095154e-01 -7.486227899789810181e-02 -9.280761331319808960e-02 -1.490872502326965332e-01 -1.350573003292083740e-01 2.393907904624938965e-01 -2.339043021202087402e-01 -1.403164714574813843e-01 7.947888970375061035e-02 4.144387319684028625e-02 2.345226146280765533e-02
-1.998155117034912109e-01 2.770991623401641846e-01 2.354702502489089966e-01 8.312756195664405823e-03 -6.495867669582366943e-02 -9.767004102468490601e-02 4.885688424110412598e-03 -1.060198917984962463e-01 1.328235417604446411e-01 1.925257295370101929e-01 7.586997002363204956e-02 1.703820377588272095e-01 -1.285950988531112671e-01 1.727135479450225830e-01 9.142833203077316284e-02 -3.308819532394409180e-01 -2.901977598667144775e-01 2.984435856342315674e-02 -1.560593210160732269e-02 -3.718819469213485718e-02
-2.129648476839065552e-01 5.123528465628623962e-02 9.479838609695434570e-02 4.100313410162925720e-02 -2.643810026347637177e-02 -9.590814821422100067e-03 -2.747736684978008270e-02 -5.829507112503051758e-02 1.054613590240478516e-01 2.303887754678726196e-01 1.175357401371002197e-01 -7.215611636638641357e-02 6.115487590432167053e-02 1.964803785085678101e-02 2.347496449947357178e-01 -2.399439960718154907e-01 -3.182486891746520996e-01 1.475397646427154541e-01 3.854193491861224174e-03 -5.879181250929832458e-02
-1.921830475330352783e-01 2.017658501863479614e-01 2.476852536201477051e-01 2.470336109399795532e-01 1.574908941984176636e-01 2.076489776372909546e-01 -2.239255160093307495e-01 1.180120632052421570e-01 -7.451920956373214722e-02 1.528217345476150513e-01 -1.144757047295570374e-01 7.016644626855850220e-02 1.807121783494949341e-01 -1.252850294113159180e-01 1.595008820295333862e-01 -2.584766447544097900e-01 -1.160646080970764160e-01 -1.297755539417266846e-01 1.310495138168334961e-01 -1.601449996232986450e-01
-2.681216001510620117e-01 7.750668376684188843e-02 1.013832688331604004e-01 1.129323765635490417e-01 -1.000269874930381775e-01 4.971923679113388062e-02 1.355581916868686676e-03 1.748013943433761597e-01 1.253853142261505127e-01 -1.173917576670646667e-02 5.198952928185462952e-02 -7.023192476481199265e-03 1.906214207410812378e-01 5.525580793619155884e-02 1.765125989913940430e-02 -1.908627152442932129e-01 -1.901961565017700195e-01 9.159952402114868164e-02 1.961913257837295532e-01 -1.695296913385391235e-01
-2.555169165134429932e-01 1.657625883817672729e-01 7.860932499170303345e-02 2.219598293304443359e-01 1.326888948678970337e-01 6.810634583234786987e-02 -1.018938496708869934e-01 4.407731443643569946e-02 2.663976848125457764e-01 1.770788580179214478e-01 3.682434558868408203e-02 4.541696235537528992e-02 -7.743243873119354248e-02 1.621975190937519073e-02 4.796046763658523560e-02 -1.907768249511718750e-01 -1.515905261039733887e-01 -1.769001036882400513e-01 1.425309628248214722e-01 -5.104237422347068787e-02
-1.886629462242126465e-01 2.035595774650573730e-01 1.429417133331298828e-01 1.276137083768844604e-01 -9.057907015085220337e-02 -3.453443944454193115e-02 -1.441198736429214478e-01 1.626328527927398682e-01 2.301361858844757080e-01 2.825888991355895996e-01 1.424793452024459839e-01 9.960630536079406738e-02 -7.471536844968795776e-02 6.675761938095092773e-02 8.106873184442520142e-02 -1.852915883064270020e-01 -6.259418278932571411e-02 -2.270903736352920532e-01 7.943247258663177490e-02 -6.828424334526062012e-02
-2.680099606513977051e-01 1.167821884155273438e-01 2.191159278154373169e-01 1.565843261778354645e-02 -5.196855589747428894e-02 -2.049712836742401123e-02 -5.783284828066825867e-02 1.197486519813537598e-01 2.136350721120834351e-01 1.768721491098403931e-01 8.645107597112655640e-02 6.741657853126525879e-02 -1.144743487238883972e-01 6.239704787731170654e-02 1.745871305465698242e-01 -3.097973763942718506e-01 -2.029989510774612427e-01 -1.690221279859542847e-01 -2.427761442959308624e-02 -1.087231040000915527e-01
-1.122626364231109619e-01 -3.737447038292884827e-02 -5.164588615298271179e-02 1.753594130277633667e-01 2.346098423004150391e-02 1.424083560705184937e-01 -1.474747359752655029e-01 1.033618301153182983e-01 2.449235767126083374e-01 2.498537600040435791e-01 -6.916769593954086304e-02 -3.881715005263686180e-03 7.039467990398406982e-02 -1.718979775905609131e-01 3.868555650115013123e-02 -3.111232519149780273e-01 -2.930185794830322266e-01 -1.565082669258117676e-01 2.830332145094871521e-02 -1.412016302347183228e-01
-2.380670458078384399e-01 3.487938642501831055e-02 2.185022234916687012e-01 9.664572775363922119e-02 1.298598945140838623e-01 2.158235162496566772e-01 -2.237810939550399780e-01 4.269803874194622040e-03 1.126368865370750427e-01 2.651115059852600098e-01 1.641855984926223755e-01 1.257300227880477905e-01 1.143679693341255188e-01 -1.140064653009176254e-02 6.836298108100891113e-02 -1.260829269886016846e-01 2.650454267859458923e-02 1.390128675848245621e-02 -5.221270769834518433e-02 -3.704564273357391357e-02
-3.294939994812011719e-01 -1.257337927818298340e-01 1.922073066234588623e-01 7.370218634605407715e-02 -5.829180777072906494e-02 -3.201886638998985291e-02 -1.463430076837539673e-01 1.408294737339019775e-01 3.318973183631896973e-01 3.284468054771423340e-01 9.464376419782638550e-02 -1.229775790125131607e-02 2.204015254974365234e-01 -2.201580554246902466e-01 2.356975823640823364e-01 -6.089650839567184448e-02 5.152810737490653992e-02 -8.397737890481948853e-02 2.142952941358089447e-02 6.120478734374046326e-02
-1.798756867647171021e-01 -1.156317517161369324e-01 3.542204573750495911e-02 -9.519075974822044373e-03 8.799912780523300171e-02 2.159918285906314850e-02 -1.123636681586503983e-02 2.176315039396286011e-01 4.024985432624816895e-01 2.629247903823852539e-01 2.407523393630981445e-01 -6.781140714883804321e-02 6.920804828405380249e-02 -5.716127529740333557e-02 2.371772080659866333e-01 -1.036798208951950073e-01 -2.672552168369293213e-01 -1.029050275683403015e-01 4.778542090207338333e-03 -6.533675640821456909e-02
-2.027917280793190002e-02 4.399383068084716797e-02 2.242564223706722260e-02 3.540003299713134766e-02 -5.857322365045547485e-02 -1.150159910321235657e-02 8.638348430395126343e-03 1.271747946739196777e-01 2.742785513401031494e-01 2.747023701667785645e-01 6.026430800557136536e-02 2.197831273078918457e-01 1.427220702171325684e-01 -1.471339911222457886e-01 1.128210499882698059e-01 1.465104967355728149e-01 -2.045743912458419800e-01 2.236629649996757507e-02 -8.024174720048904419e-02 1.149680465459823608e-02
1.397612392902374268e-01 -4.103366285562515259e-02 -1.124012619256973267e-01 6.708858534693717957e-03 2.224373966455459595e-01 -6.421953439712524414e-02 -9.795551747083663940e-02 2.499922960996627808e-01 3.753678500652313232e-01 3.393477201461791992e-01 -1.111782621592283249e-02 1.467377394437789917e-01 1.610939502716064453e-01 -1.445891112089157104e-01 -1.455405205488204956e-01 5.872320011258125305e-02 -1.012489944696426392e-01 -2.180862240493297577e-02 -6.710554659366607666e-02 1.422745585441589355e-01
-1.030001882463693619e-02 7.744398713111877441e-02 -7.956769317388534546e-02 9.672711789608001709e-02 -3.366872295737266541e-02 6.784442067146301270e-02 -1.347239613533020020e-01 2.453591823577880859e-01 1.967916637659072876e-01 1.789222508668899536e-01 2.093728035688400269e-01 1.305588036775588989e-01 6.312397867441177368e-02 -2.419517487287521362e-01 1.323626637458801270e-01 2.363963238894939423e-02 -1.219464391469955444e-01 1.417721956968307495e-01 -2.047070562839508057e-01 9.449668228626251221e-02
-4.834840446710586548e-02 1.227488857693970203e-03 -2.747752517461776733e-02 -1.208738312125205994e-01 5.692114681005477905e-02 -9.962385892868041992e-02 -8.301351335830986500e-04 2.309353798627853394e-01 2.845546603202819824e-01 3.399079442024230957e-01 -2.527929097414016724e-02 1.319757848978042603e-01 9.691541641950607300e-02 -6.071061268448829651e-02 -2.040726691484451294e-01 7.319100201129913330e-02 -5.800453573465347290e-02 3.512018173933029175e-02 -2.168397754430770874e-01 -1.473113335669040680e-02
1.288711726665496826e-01 -1.499879211187362671e-01 -4.588625580072402954e-02 -1.189373210072517395e-01 2.185183167457580566e-01 -5.105567350983619690e-02 -6.130720302462577820e-02 6.564999371767044067e-02 4.082586467266082764e-01 3.615103960037231445e-01 1.068130061030387878e-01 1.753119379281997681e-01 1.671845614910125732e-01 -1.300641894340515137e-01 2.167635783553123474e-02 3.619487583637237549e-01 -2.967922389507293701e-01 1.710730046033859253e-01 -6.832472234964370728e-02 1.388635188341140747e-01
-9.405393898487091064e-02 -1.190750524401664734e-01 4.561061412096023560e-02 9.787338227033615112e-02 2.471413463354110718e-01 -9.600228816270828247e-02 4.484865069389343262e-02 -4.750565066933631897e-02 2.653160691261291504e-01 1.121160015463829041e-01 1.746408641338348389e-01 8.464527130126953125e-02 2.741237916052341461e-02 -3.400043547153472900e-01 7.705522328615188599e-02 3.098642826080322266e-01 -2.802100777626037598e-01 8.755992352962493896e-02 1.347271800041198730e-01 -2.557262778282165527e-02
1.420413553714752197e-01 -1.438054889440536499e-01 1.092682927846908569e-01 -1.171332672238349915e-01 7.572906464338302612e-02 6.127292290329933167e-02 -4.938174784183502197e-02 4.059910774230957031e-02 3.932473361492156982e-01 1.117753386497497559e-01 1.638886034488677979e-01 -8.049672096967697144e-02 1.472855731844902039e-02 -3.099680840969085693e-01 -1.301519945263862610e-02 4.567486047744750977e-02 -1.529504805803298950e-01 2.262604832649230957e-01 -1.237268596887588501e-01 1.314322650432586670e-02
7.963122427463531494e-02 -2.502727508544921875e-01 1.307958364486694336e-01 7.282989472150802612e-02 2.302789539098739624e-01 -5.381812155246734619e-02 -1.180495321750640869e-01 1.250868886709213257e-01 3.301666676998138428e-01 4.104135930538177490e-01 1.394938677549362183e-01 -4.342283681035041809e-02 1.806638091802597046e-01 -3.092547059059143066e-01 1.045618951320648193e-01 1.623097211122512817e-01 -2.751271724700927734e-01 1.314686983823776245e-01 -9.317154437303543091e-02 3.109409287571907043e-02
-7.295291125774383545e-02 -1.135640069842338562e-01 -1.123356819152832031e-01 -7.149650901556015015e-02 6.766824424266815186e-02 1.795268952846527100e-01 -6.870053708553314209e-02 1.495240777730941772e-01 2.858670055866241455e-01 2.107052505016326904e-01 3.308558464050292969e-01 2.841579541563987732e-02 1.210204735398292542e-01 -4.232986867427825928e-01 -5.494877696037292480e-02 7.529368251562118530e-02 3.108545020222663879e-02 1.076406911015510559e-01 6.646017730236053467e-02 8.064822852611541748e-02
5.887297540903091431e-02 -6.660696864128112793e-02 -4.092971980571746826e-02 -6.633923947811126709e-02 1.452194154262542725e-01 1.385917812585830688e-01 8.398102968931198120e-02 1.053127273917198181e-01 3.119385242462158203e-01 2.307072132825851440e-01 3.360352516174316406e-01 9.372951835393905640e-02 3.300504684448242188e-01 -4.017292857170104980e-01 -8.514921367168426514e-02 1.250431090593338013e-01 -2.432146668434143066e-01 2.027844041585922241e-01 -6.136880815029144287e-02 -1.120175793766975403e-01
-4.444913938641548157e-02 -5.990698561072349548e-02 1.438375562429428101e-01 4.068722575902938843e-02 9.693760424852371216e-02 -2.379187382757663727e-02 -8.294493705034255981e-02 1.896017976105213165e-02 3.498394489288330078e-01 1.279563605785369873e-01 9.641180187463760376e-02 7.384471595287322998e-02 2.700898945331573486e-01 -1.925986558198928833e-01 -6.309424992650747299e-03 1.714782118797302246e-01 -4.256956279277801514e-02 1.451161503791809082e-01 1.612996608018875122e-01 -2.296807430684566498e-02
-2.945377863943576813e-02 -2.977783605456352234e-02 -6.949258036911487579e-03 -1.955091953277587891e-01 8.602848649024963379e-02 3.243492543697357178e-02 -7.491699606180191040e-02 2.621372044086456299e-01 3.817404434084892273e-02 3.252939283847808838e-01 1.616133749485015869e-01 -1.250068992376327515e-01 2.705658376216888428e-01 -1.810593008995056152e-01 9.639190137386322021e-02 1.986538469791412354e-01 -7.293001562356948853e-02 2.554152011871337891e-01 1.784093379974365234e-01 -1.402156502008438110e-01
-1.607048511505126953e-02 8.863906562328338623e-02 8.559669367969036102e-03 -1.118032112717628479e-01 1.897047460079193115e-02 -6.948029249906539917e-02 -1.073320657014846802e-01 4.205678030848503113e-02 8.336184546351432800e-03 2.797512710094451904e-01 2.459931969642639160e-01 -2.971948496997356415e-02 2.870509624481201172e-01 -3.045164346694946289e-01 -9.949540346860885620e-02 1.879669576883316040e-01 -2.090976983308792114e-01 1.859526485204696655e-01 -1.285762246698141098e-02 -1.391949206590652466e-01
-7.155726850032806396e-02 -1.296482533216476440e-01 1.133476272225379944e-01 -2.041979581117630005e-01 2.303624302148818970e-01 -4.774182662367820740e-02 -8.443593978881835938e-02 1.861635781824588776e-02 9.154933691024780273e-02 5.050472915172576904e-02 1.671410948038101196e-01 -2.123136445879936218e-02 2.872906327247619629e-01 -1.602190285921096802e-01 -5.067373812198638916e-02 2.150229923427104950e-02 -1.354269981384277344e-01 2.251208126544952393e-01 1.448500007390975952e-01 3.582959249615669250e-02
1.839315742254257202e-01 -2.144060283899307251e-01 -4.813286475837230682e-03 -1.978154331445693970e-01 2.324572950601577759e-02 1.494473516941070557e-01 1.325245499610900879e-01 1.630003899335861206e-01 1.529992371797561646e-01 1.615567058324813843e-01 1.624825298786163330e-01 -5.269167572259902954e-02 2.571386396884918213e-01 -1.814680695533752441e-01 -1.890073120594024658e-01 1.767130345106124878e-01 -1.344518810510635376e-01 1.209996938705444336e-01 5.978725478053092957e-02 4.991930723190307617e-02
-1.106969043612480164e-01 -2.092057168483734131e-01 -3.267695009708404541e-02 5.986627563834190369e-02 2.061343044042587280e-01 -2.427805401384830475e-02 8.985973894596099854e-02 7.387284189462661743e-02 1.504689902067184448e-01 1.583974063396453857e-02 -2.969240769743919373e-02 -1.312951594591140747e-01 1.294040381908416748e-01 -1.750124841928482056e-01 1.418529897928237915e-01 2.118518054485321045e-01 -9.153661876916885376e-02 4.667264595627784729e-02 2.200548797845840454e-01 6.627650558948516846e-02
2.007255256175994873e-01 9.072715789079666138e-02 1.809260696172714233e-01 -2.265454828739166260e-01 -1.998060643672943115e-01 -7.037894334644079208e-03 -3.511810302734375000e-02 2.502620220184326172e-01 -5.330425873398780823e-02 7.070325314998626709e-02 -5.573033704422414303e-04 -1.052464246749877930e-01 -4.245304316282272339e-02 -2.286922484636306763e-01 -1.181603129953145981e-02 1.151640489697456360e-01 -8.951387554407119751e-02 1.957702822983264923e-02 -3.792889788746833801e-02 1.179931387305259705e-01
-2.582536265254020691e-02 6.895033270120620728e-02 -7.278943806886672974e-02 1.012507155537605286e-01 6.591264903545379639e-02 1.926081068813800812e-02 1.482909545302391052e-02 -5.434740334749221802e-02 3.640732914209365845e-02 -1.975995860993862152e-02 -2.094421684741973877e-01 1.620115339756011963e-01 1.499135745689272881e-03 -2.703338488936424255e-02 -1.215521618723869324e-01 -1.058761551976203918e-01 -9.363573044538497925e-02 1.648149639368057251e-02 2.443416565656661987e-01 7.959377020597457886e-03
1.120574101805686951e-01 -8.423871546983718872e-02 2.104097902774810791e-01 -1.395287662744522095e-01 -2.595268189907073975e-02 -4.800893738865852356e-02 3.575350344181060791e-02 2.218648046255111694e-01 9.584398567676544189e-02 6.923110038042068481e-02 -8.706567436456680298e-02 1.107656508684158325e-01 7.244133949279785156e-02 -1.462380588054656982e-01 -1.484899967908859253e-01 -4.139677807688713074e-02 -6.082685291767120361e-02 2.863116264343261719e-01 9.193117730319499969e-03 2.334582991898059845e-02
-1.798365414142608643e-01 -6.847723573446273804e-02 8.628182113170623779e-02 -7.211185246706008911e-02 -1.260589957237243652e-01 3.118296153843402863e-02 1.377220614813268185e-03 -1.164632569998502731e-02 6.393659859895706177e-02 1.777088493108749390e-01 5.367526039481163025e-02 2.538619004189968109e-02 9.611737728118896484e-02 1.027325764298439026e-01 -1.603931486606597900e-01 -1.301707327365875244e-01 1.787043735384941101e-02 2.496372759342193604e-01 -3.700432553887367249e-02 -1.229183897376060486e-01
-3.051261650398373604e-03 8.054514974355697632e-02 1.316329538822174072e-01 -8.996890485286712646e-02 -7.134869694709777832e-02 -3.432204946875572205e-02 1.807965934276580811e-01 -8.428264409303665161e-02 1.655995994806289673e-01 9.264557063579559326e-02 -1.352691799402236938e-01 1.543086320161819458e-01 1.140482723712921143e-01 -4.258873872458934784e-03 -1.354104131460189819e-01 -2.858054265379905701e-02 -8.051720261573791504e-02 2.122757583856582642e-01 6.442280858755111694e-02 -1.340932250022888184e-01
8.412564173340797424e-03 -3.689583763480186462e-02 2.090745717287063599e-01 3.881611302495002747e-02 1.925225020386278629e-03 7.672800868749618530e-02 6.785230338573455811e-02 7.447274029254913330e-02 -1.439672857522964478e-01 1.606352329254150391e-01 -2.486792802810668945e-01 -3.019148856401443481e-02 1.202880218625068665e-01 9.921434521675109863e-02 -1.403253525495529175e-01 -1.613173931837081909e-01 -1.502976268529891968e-01 -9.538014978170394897e-02 5.414609983563423157e-02 -4.726246744394302368e-02
-1.109873428940773010e-01 1.459911018610000610e-01 2.754760533571243286e-02 2.975686825811862946e-02 -1.003108322620391846e-01 1.146760657429695129e-01 -1.190760545432567596e-02 4.901042208075523376e-02 -1.955975294113159180e-01 1.210158839821815491e-01 -5.088840797543525696e-02 -3.127322718501091003e-02 -1.289162188768386841e-01 -3.050472587347030640e-02 -1.787207089364528656e-02 -5.364637449383735657e-02 5.652684718370437622e-02 1.413040012121200562e-01 -1.504902094602584839e-01 -1.478764265775680542e-01
-2.400070056319236755e-02 1.870225220918655396e-01 2.435765974223613739e-02 2.899646386504173279e-02 1.664239168167114258e-02 -1.466282308101654053e-01 -7.692172378301620483e-02 9.249167144298553467e-02 4.184757918119430542e-02 -3.672719746828079224e-02 -6.433331221342086792e-02 -6.191232427954673767e-02 1.219827011227607727e-01 -1.555236279964447021e-01 -9.962118230760097504e-03 -1.654143780469894409e-01 1.597339659929275513e-01 -8.682536333799362183e-02 8.702131360769271851e-02 -1.686955243349075317e-01
6.894257664680480957e-02 -1.394213736057281494e-01 4.105002805590629578e-02 8.938428014516830444e-02 -1.404269337654113770e-01 -1.188291236758232117e-01 1.116864457726478577e-01 1.477703452110290527e-01 -1.956729292869567871e-01 -2.037084847688674927e-02 -3.026772737503051758e-01 1.169168725609779358e-01 1.169280409812927246e-01 -1.003960445523262024e-01 1.922658458352088928e-02 -5.873961746692657471e-02 1.051312591880559921e-02 -1.187217831611633301e-01 9.176525473594665527e-02 -1.260637044906616211e-01
3.619030117988586426e-02 1.782130151987075806e-01 4.329535737633705139e-02 -9.460531920194625854e-02 3.467504680156707764e-02 -6.247407570481300354e-02 1.080288179218769073e-02 -4.927334375679492950e-03 -2.300633676350116730e-02 -2.432507276535034180e-02 -1.923337131738662720e-01 -7.111822068691253662e-02 1.575738191604614258e-01 -5.541918054223060608e-02 2.995103970170021057e-02 1.881314441561698914e-02 2.277216874063014984e-02 -5.819002911448478699e-02 5.555673688650131226e-02 -1.216593608260154724e-01
2.055852115154266357e-01 -5.020101740956306458e-02 6.670710444450378418e-02 2.310362178832292557e-03 -1.755982823669910431e-02 1.031693592667579651e-01 -2.731750020757317543e-03 -1.199353262782096863e-01 -1.780986636877059937e-01 -1.156430505216121674e-02 -1.975221633911132812e-01 1.374674290418624878e-01 3.379832580685615540e-02 -1.456199865788221359e-02 -1.391656249761581421e-01 1.646045222878456116e-02 1.286098957061767578e-01 -2.135342955589294434e-01 -1.614957451820373535e-01 9.515906870365142822e-02
2.198360413312911987e-01 -1.534667313098907471e-01 2.319793589413166046e-02 -4.374250769615173340e-02 -2.200924605131149292e-01 2.332024089992046356e-02 -1.204135790467262268e-01 -7.468427717685699463e-02 -1.585620269179344177e-02 -2.715726494789123535e-01 -1.429983824491500854e-01 -1.294076293706893921e-01 1.732519418001174927e-01 -7.274992763996124268e-02 -7.735221832990646362e-02 4.334712401032447815e-02 1.628611981868743896e-01 -1.231843531131744385e-01 -2.092865407466888428e-01 -7.302334904670715332e-02
1.853405497968196869e-02 7.207097858190536499e-02 -7.552324794232845306e-03 -1.751325726509094238e-01 -7.470506429672241211e-02 -1.332416832447052002e-01 4.450642317533493042e-02 8.404031395912170410e-02 -7.687682658433914185e-02 -1.686803698539733887e-01 -2.910416126251220703e-01 3.374791145324707031e-02 4.320069402456283569e-02 -1.262468695640563965e-01 8.132884651422500610e-02 9.851749986410140991e-03 1.556849479675292969e-01 3.372522443532943726e-02 -1.996967941522598267e-01 1.056536734104156494e-01
-4.383586347103118896e-02 -1.195080429315567017e-01 3.479072824120521545e-03 -1.454560458660125732e-01 -1.086235046386718750e-01 8.293684571981430054e-02 -5.684918537735939026e-02 1.811066828668117523e-02 -2.788595259189605713e-01 -2.153099626302719116e-01 -2.316963076591491699e-01 -2.987813018262386322e-02 8.336950093507766724e-02 -1.037746742367744446e-01 -1.706584542989730835e-01 2.291442155838012695e-01 8.503642678260803223e-02 1.004662439227104187e-01 -2.922605723142623901e-02 1.374238287098705769e-03
1.459709107875823975e-01 9.019399434328079224e-02 7.804016768932342529e-02 -1.856418550014495850e-01 -5.433411523699760437e-02 -1.554823070764541626e-01 1.523465514183044434e-01 -2.564435079693794250e-02 -3.031988441944122314e-01 -3.309370577335357666e-01 -2.245144397020339966e-01 5.096650123596191406e-02 -5.091929435729980469e-02 8.410004526376724243e-02 -1.286710649728775024e-01 -1.081929355859756470e-02 -3.546332940459251404e-02 -9.356657415628433228e-02 -1.054251417517662048e-01 8.452305942773818970e-02
1.634060293436050415e-01 1.477687805891036987e-01 -7.821194827556610107e-02 -3.058007657527923584e-01 -6.721546500921249390e-02 -2.811398208141326904e-01 3.274373337626457214e-02 7.911101728677749634e-02 -1.758340001106262207e-01 -9.103401005268096924e-02 -2.068018615245819092e-01 1.809196919202804565e-01 -1.172315329313278198e-01 -7.713877409696578979e-02 -2.818403840065002441e-01 1.961488835513591766e-02 -2.381850033998489380e-02 -7.304543256759643555e-02 3.235378488898277283e-02 -2.030503563582897186e-02
-1.034094765782356262e-02 2.435910999774932861e-01 3.519062101840972900e-01 5.805427581071853638e-02 2.954275906085968018e-01 4.139119684696197510e-01 -9.860359132289886475e-03 -3.558536469936370850e-01 -1.059317290782928467e-01 1.242520958185195923e-01 -9.594365209341049194e-02 -7.024616003036499023e-02 2.696860432624816895e-01 1.546395719051361084e-01 4.662666022777557373e-01 1.089628785848617554e-01 1.119340360164642334e-01 -8.050584793090820312e-01 -4.135675132274627686e-01 -8.911730721592903137e-03
1.845732629299163818e-01 2.093508094549179077e-01 1.221180036664009094e-01 -7.427706569433212280e-02 1.001911163330078125e-01 7.551538199186325073e-02 1.309423595666885376e-01 -1.033517122268676758e-01 -1.461140513420104980e-01 1.638123951852321625e-02 -1.407251209020614624e-01 7.631704211235046387e-02 1.971358656883239746e-01 2.026276588439941406e-01 3.336980342864990234e-01 -1.967962458729743958e-02 -1.535846386104822159e-02 -6.339771151542663574e-01 -9.814377874135971069e-02 1.217786446213722229e-01
1.923837214708328247e-01 4.320785775780677795e-02 6.907757371664047241e-02 -1.885839551687240601e-01 2.913156524300575256e-02 -1.455932706594467163e-01 1.305788010358810425e-01 5.804711580276489258e-02 4.354992881417274475e-02 8.752433210611343384e-02 -1.454649865627288818e-01 -4.096220806241035461e-02 6.456650793552398682e-02 2.313536358997225761e-03 2.202682793140411377e-01 1.291885823011398315e-01 5.822969228029251099e-02 -4.358592331409454346e-01 -1.474284082651138306e-01 -1.001878362149000168e-02
2.572315037250518799e-01 -1.314542163163423538e-02 -1.973050236701965332e-01 -2.179377973079681396e-01 -1.032173857092857361e-01 -1.263222098350524902e-01 -8.978269062936306000e-03 -7.485660165548324585e-02 -1.462346035987138748e-02 -1.309957057237625122e-01 2.589076943695545197e-02 2.258679121732711792e-01 1.973346248269081116e-02 1.763271838426589966e-01 8.950599282979965210e-02 6.564796715974807739e-02 1.072801724076271057e-01 -3.904144465923309326e-01 -1.767213046550750732e-01 1.330565065145492554e-01
-1.005372703075408936e-01 1.993131339550018311e-01 -1.517661362886428833e-01 1.525107473134994507e-01 3.847597911953926086e-02 -5.304450169205665588e-02 1.368038207292556763e-01 2.724816501140594482e-01 2.308754622936248779e-01 1.146652996540069580e-01 1.656069606542587280e-01 1.352118551731109619e-01 -6.153076142072677612e-02 6.334614753723144531e-02 -3.864873573184013367e-02 3.681183233857154846e-02 5.629970505833625793e-02 -4.959844946861267090e-01 -4.007064923644065857e-02 -1.767244488000869751e-01
-2.323956042528152466e-02 -2.120225317776203156e-02 1.107473745942115784e-01 1.069790720939636230e-01 -1.447979062795639038e-01 1.166959386318922043e-02 -9.382728487253189087e-03 3.429984673857688904e-02 3.010323345661163330e-01 1.236454397439956665e-02 3.982432186603546143e-02 2.483432292938232422e-01 -1.371150910854339600e-01 4.677477106451988220e-02 -7.439242303371429443e-02 7.469972968101501465e-02 1.081328913569450378e-01 -3.549977242946624756e-01 1.752039939165115356e-01 -1.066602617502212524e-01
1.622221805155277252e-02 1.404940932989120483e-01 -1.363666802644729614e-01 9.333150833845138550e-02 2.341780252754688263e-02 -1.208998728543519974e-03 1.012712642550468445e-01 1.261550094932317734e-02 1.365621089935302734e-01 2.815518081188201904e-01 8.552577346563339233e-02 3.193593919277191162e-01 -1.061015278100967407e-01 9.601525217294692993e-02 1.080276295542716980e-01 7.364682108163833618e-02 2.185287475585937500e-01 -5.766428261995315552e-02 1.747794002294540405e-01 -4.070610553026199341e-02
-5.879779905080795288e-02 1.438172757625579834e-01 -1.842499375343322754e-01 1.767477244138717651e-01 1.628596782684326172e-01 -1.051618158817291260e-01 8.625788241624832153e-02 2.807050347328186035e-01 1.935451179742813110e-01 1.695414334535598755e-01 2.114317715167999268e-01 8.219315856695175171e-02 9.269668161869049072e-02 -1.095847189426422119e-01 2.151005156338214874e-02 -8.334657549858093262e-02 1.216630116105079651e-01 -1.539697349071502686e-01 6.250073015689849854e-02 2.887623570859432220e-02
3.147813677787780762e-02 1.068753078579902649e-01 7.051377743482589722e-02 1.660583913326263428e-01 -6.711706519126892090e-02 3.333875164389610291e-02 1.896269619464874268e-01 1.307906508445739746e-01 7.973340898752212524e-02 1.254178285598754883e-01 5.545555800199508667e-02 2.600791156291961670e-01 -1.244686543941497803e-01 1.631457805633544922e-01 -2.512464858591556549e-02 4.925223439931869507e-02 -6.235833466053009033e-02 -1.200555041432380676e-01 2.390920072793960571e-01 -8.755662292242050171e-02
9.855002164840698242e-02 1.666253805160522461e-01 -1.565574705600738525e-01 1.464150995016098022e-01 -6.268370896577835083e-02 9.750283323228359222e-03 -9.744565002620220184e-03 -3.198286518454551697e-02 1.494289636611938477e-01 5.189788341522216797e-02 -9.090306609869003296e-02 -5.668859556317329407e-02 7.838885486125946045e-02 4.815375059843063354e-02 1.164039224386215210e-01 -1.159013714641332626e-02 1.104191467165946960e-01 -1.446006149053573608e-01 -1.515856012701988220e-02 4.266584292054176331e-04
6.799597758799791336e-03 -1.179121211171150208e-01 1.508859992027282715e-01 1.393683701753616333e-01 -5.763947963714599609e-02 1.394097059965133667e-01 -9.571683406829833984e-02 -3.249278292059898376e-02 2.029026746749877930e-01 3.612150624394416809e-02 1.846796423196792603e-01 6.423316150903701782e-02 2.150313705205917358e-01 -1.560537517070770264e-01 1.449181139469146729e-01 1.270093768835067749e-01 -8.317640423774719238e-02 -7.898498326539993286e-02 2.496970593929290771e-01 1.347333099693059921e-02
7.941903313621878624e-04 8.178162574768066406e-02 1.170734912157058716e-01 2.659195959568023682e-01 1.675025224685668945e-01 4.933245852589607239e-02 -8.714634925127029419e-02 1.693200021982192993e-01 3.046322166919708252e-01 1.181654930114746094e-01 1.230408996343612671e-01 -1.059051603078842163e-01 1.318099200725555420e-01 7.746384479105472565e-03 1.484944224357604980e-01 9.658980369567871094e-02 2.358808070421218872e-01 1.363062113523483276e-01 -3.979316353797912598e-02 -1.983737945556640625e-02
-7.060032337903976440e-02 -4.299739748239517212e-02 2.426343411207199097e-01 3.219996094703674316e-01 -3.462196094915270805e-03 2.004826813936233521e-01 7.819106429815292358e-02 1.042041406035423279e-01 1.022692769765853882e-01 2.283413410186767578e-01 2.383354306221008301e-01 -1.865881085395812988e-01 2.512027919292449951e-01 -1.940248906612396240e-01 -1.971187256276607513e-02 -2.845742553472518921e-02 2.167363166809082031e-01 1.197852864861488342e-01 -1.235442794859409332e-02 -5.905205756425857544e-02
2.384043484926223755e-02 -5.983791779726743698e-03 4.902880638837814331e-03 1.936689317226409912e-01 4.495860636234283447e-02 -1.046565771102905273e-01 -3.018684871494770050e-02 1.334427893161773682e-01 -4.754154384136199951e-02 1.415788680315017700e-01 2.374064177274703979e-01 -1.290844380855560303e-02 1.175880730152130127e-01 -6.393069028854370117e-02 -7.021535653620958328e-03 1.577321738004684448e-01 1.297276560217142105e-02 1.794380992650985718e-01 1.830765604972839355e-02 1.192097738385200500e-01
-8.150662481784820557e-02 3.820605948567390442e-02 1.698408871889114380e-01 1.683684438467025757e-01 -3.446093201637268066e-02 1.026380881667137146e-01 1.262279748916625977e-01 1.826548874378204346e-01 1.445824503898620605e-01 1.870128512382507324e-01 2.026863247156143188e-01 8.270269632339477539e-02 3.556221723556518555e-02 4.208613932132720947e-02 7.772339880466461182e-02 6.167940795421600342e-02 -8.259452134370803833e-02 -4.822396486997604370e-02 1.765795797109603882e-01 9.578787535429000854e-02
-1.609309613704681396e-01 1.496082097291946411e-01 4.246541857719421387e-02 1.549377888441085815e-01 -1.612286418676376343e-01 8.305829018354415894e-02 -1.558319777250289917e-01 2.495814412832260132e-01 5.992243438959121704e-02 1.320690661668777466e-01 -4.172152653336524963e-02 -1.482097506523132324e-01 -9.297595173120498657e-02 -9.595889598131179810e-02 1.337257027626037598e-01 1.402169615030288696e-01 -8.721612393856048584e-02 1.316834688186645508e-01 5.049136467278003693e-03 1.300479173660278320e-01
-1.826940327882766724e-01 1.439972370862960815e-01 4.679722711443901062e-03 7.169091701507568359e-02 -9.501760452985763550e-02 6.166705489158630371e-02 4.611134529113769531e-02 2.343792915344238281e-01 -5.098887160420417786e-02 -4.462747275829315186e-02 -1.100004930049180984e-02 -1.942878961563110352e-01 -2.538008801639080048e-02 -1.241901516914367676e-01 3.002706728875637054e-02 -1.430943012237548828e-01 5.528314039111137390e-02 1.486166268587112427e-01 6.053299643099308014e-03 -1.099673137068748474e-01
8.717861771583557129e-02 2.495538890361785889e-01 1.658407449722290039e-01 -8.728887885808944702e-02 -2.716691792011260986e-02 -1.289318352937698364e-01 2.803662419319152832e-02 1.517685949802398682e-01 1.071782261133193970e-01 -1.359193176031112671e-01 1.218123361468315125e-01 -1.411182135343551636e-01 -1.032889783382415771e-01 1.098688989877700806e-01 1.072551310062408447e-01 -2.309674769639968872e-01 -1.606826931238174438e-01 1.682286709547042847e-01 2.993853762745857239e-02 1.004999130964279175e-01
-1.783042997121810913e-01 2.501056194305419922e-01 -7.717343512922525406e-03 -1.087924465537071228e-01 5.307624861598014832e-02 6.774038076400756836e-02 -3.924754261970520020e-02 1.215972900390625000e-01 -1.528463978320360184e-02 -2.149959951639175415e-01 8.080599457025527954e-02 -4.068361967802047729e-02 -2.859126217663288116e-02 6.477461755275726318e-02 4.354178532958030701e-02 -9.406391531229019165e-02 -1.236580237746238708e-01 -9.937390685081481934e-02 1.135341525077819824e-01 -1.682874560356140137e-02
1.253211200237274170e-01 1.325368881225585938e-01 9.383989498019218445e-03 2.635532431304454803e-02 -1.636330783367156982e-01 -3.120817057788372040e-02 9.592831879854202271e-02 2.343043982982635498e-01 -1.492901742458343506e-01 4.204531759023666382e-02 3.751063346862792969e-02 1.240165010094642639e-01 -4.604882001876831055e-02 2.688877880573272705e-01 -3.202554956078529358e-02 -2.159705013036727905e-01 -4.871162772178649902e-02 -8.718616515398025513e-02 -5.345848388969898224e-03 -2.395559847354888916e-02
-3.268463909626007080e-02 1.941600292921066284e-01 -6.481537222862243652e-02 -3.052719170227646828e-03 6.743024289608001709e-02 -1.529453396797180176e-01 -8.094652742147445679e-02 1.962368935346603394e-01 -6.091394647955894470e-02 7.295537739992141724e-02 -2.429461032152175903e-01 5.371830612421035767e-02 4.483703896403312683e-02 1.724836230278015137e-01 -6.156782060861587524e-02 -2.705251276493072510e-01 -1.190843340009450912e-02 -4.297564923763275146e-02 1.771387606859207153e-01 -1.127411276102066040e-01
5.419161915779113770e-02 3.440909385681152344e-01 -1.083016619086265564e-01 4.291903600096702576e-02 -8.783780783414840698e-02 2.537039853632450104e-02 -7.130467891693115234e-02 -6.222660094499588013e-02 -7.850693538784980774e-03 8.191575855016708374e-02 6.764072179794311523e-02 -1.807546429336071014e-02 -1.615967750549316406e-01 2.731806933879852295e-01 3.885675221681594849e-02 -2.275422215461730957e-01 -4.681157320737838745e-02 1.855987310409545898e-01 1.255579739809036255e-01 5.973782017827033997e-02
-3.843375667929649353e-02 3.925480246543884277e-01 -8.425987511873245239e-02 -2.108148857951164246e-02 -4.208680614829063416e-02 8.187634497880935669e-02 1.876121759414672852e-02 -6.627918779850006104e-02 -3.441893309354782104e-02 -7.460860162973403931e-02 -2.654013782739639282e-02 4.617524519562721252e-02 -1.922340244054794312e-01 2.486069947481155396e-01 -7.261198759078979492e-02 -2.744846343994140625e-01 -2.539494633674621582e-01 1.754926443099975586e-01 1.047998070716857910e-01 3.255767002701759338e-02
2.752812393009662628e-02 4.006663858890533447e-01 -7.428748160600662231e-02 -7.534134387969970703e-02 -7.801522314548492432e-02 6.720183789730072021e-02 -1.025930140167474747e-02 -8.877354674041271210e-03 6.878976523876190186e-02 -8.963802456855773926e-02 -1.050420105457305908e-01 -6.597829051315784454e-03 -4.828145261853933334e-03 2.332634031772613525e-01 1.062771826982498169e-01 -2.926412224769592285e-01 -5.908514559268951416e-02 1.175801455974578857e-02 1.247335821390151978e-01 2.006684429943561554e-02
-3.016898632049560547e-01 3.089915812015533447e-01 1.948464363813400269e-01 1.136810630559921265e-01 -6.543231010437011719e-02 1.202511712908744812e-01 -1.120602190494537354e-01 1.583514511585235596e-01 1.809637993574142456e-01 2.214711531996726990e-02 -8.514203876256942749e-02 1.186287030577659607e-01 -2.124992311000823975e-01 1.535989642143249512e-01 3.356312960386276245e-02 -4.229783713817596436e-01 -5.508596450090408325e-02 -1.048040688037872314e-01 -1.455204933881759644e-01 -1.758764497935771942e-02
-3.542464375495910645e-01 3.411850929260253906e-01 2.214569598436355591e-01 1.148903965950012207e-01 -1.162780523300170898e-01 1.013253033161163330e-01 -1.762643754482269287e-01 -3.626839444041252136e-02 2.007998675107955933e-01 1.749989986419677734e-01 1.291932314634323120e-01 -2.279180288314819336e-02 -1.238420233130455017e-01 -1.256957203149795532e-01 -6.228022649884223938e-02 -3.609696626663208008e-01 -2.277687788009643555e-01 1.790699660778045654e-01 -6.093758344650268555e-02 3.618164360523223877e-02
-2.142970710992813110e-01 3.195374011993408203e-01 9.403626620769500732e-02 1.204840615391731262e-01 -3.996206820011138916e-02 -1.164019182324409485e-01 -1.911833733320236206e-01 -3.510579839348793030e-02 1.744225621223449707e-01 1.294555794447660446e-02 1.307530235499143600e-02 9.545910358428955078e-02 1.040274053812026978e-01 9.545740485191345215e-02 8.834329992532730103e-02 -1.097263395786285400e-01 -1.450430452823638916e-01 2.699007093906402588e-02 -1.330065876245498657e-01 8.554024994373321533e-02
-3.248062431812286377e-01 9.206354618072509766e-02 2.158830016851425171e-01 1.980588436126708984e-01 2.537706680595874786e-02 -1.094648614525794983e-01 -1.614756584167480469e-01 1.355794668197631836e-01 2.100628763437271118e-01 1.905816197395324707e-01 1.258169859647750854e-01 7.910176645964384079e-04 -4.870756343007087708e-02 -6.849716603755950928e-02 -5.226092785596847534e-02 -9.248659014701843262e-03 -3.002799153327941895e-01 -8.663647621870040894e-02 -1.233997792005538940e-01 4.803796485066413879e-02
-3.146752417087554932e-01 -5.421086400747299194e-02 -7.269874960184097290e-02 2.219025194644927979e-01 7.852424681186676025e-02 1.068739071488380432e-01 -1.573346406221389771e-01 2.280100435018539429e-01 1.852409988641738892e-01 1.169202700257301331e-01 1.289874613285064697e-01 1.787645071744918823e-01 2.761241234838962555e-02 3.834783658385276794e-02 1.319700628519058228e-01 -1.367746293544769287e-01 -2.443221062421798706e-01 1.304831504821777344e-01 -1.798448264598846436e-01 -1.587553918361663818e-01
-2.378277331590652466e-01 -2.197777107357978821e-02 1.431145966053009033e-01 9.512590616941452026e-02 -7.236185483634471893e-03 -3.456810489296913147e-02 -8.558046817779541016e-02 1.615619063377380371e-01 1.150090917944908142e-01 2.555738389492034912e-01 1.723544895648956299e-01 6.664332747459411621e-02 1.903126835823059082e-01 -2.294118404388427734e-01 2.874557487666606903e-02 3.300954587757587433e-03 -1.316698938608169556e-01 6.391604989767074585e-02 -3.798559308052062988e-02 9.376010298728942871e-02
-9.401258081197738647e-02 6.320466846227645874e-02 2.326418757438659668e-01 -2.698058960959315300e-03 2.203052192926406860e-01 1.079184263944625854e-01 -9.669043868780136108e-02 -9.962450712919235229e-03 1.181480288505554199e-01 -1.573666930198669434e-02 2.245805710554122925e-01 1.650971025228500366e-01 5.384342744946479797e-02 -2.212431579828262329e-01 7.198876887559890747e-02 -3.253271337598562241e-03 3.364127478562295437e-04 -5.027257651090621948e-02 4.828271642327308655e-02 -7.951924204826354980e-02
-2.944693341851234436e-02 -1.433459073305130005e-01 -2.572816330939531326e-03 1.110622510313987732e-01 -1.393005717545747757e-02 8.780770748853683472e-02 3.030571341514587402e-02 7.430258672684431076e-03 1.315639168024063110e-01 1.604835838079452515e-01 9.600627422332763672e-02 1.097526699304580688e-01 3.146895393729209900e-02 -2.004598677158355713e-01 -4.491110146045684814e-02 1.265383660793304443e-01 1.048077922314405441e-02 -1.113144159317016602e-01 1.016252860426902771e-01 -1.578013151884078979e-01
-5.763581395149230957e-02 -1.600871421396732330e-02 1.323650181293487549e-01 7.392510771751403809e-02 4.507108032703399658e-02 -1.132069230079650879e-01 -2.463383227586746216e-01 -3.924717381596565247e-02 -7.488728314638137817e-02 1.278947889804840088e-01 1.266436278820037842e-01 1.335235238075256348e-01 2.429728507995605469e-01 -2.938621304929256439e-02 1.051830649375915527e-01 9.034962952136993408e-02 -1.574007272720336914e-01 2.408078908920288086e-01 -1.635457575321197510e-01 -6.297878175973892212e-02
1.416879743337631226e-01 1.604373157024383545e-01 -2.577605098485946655e-02 -1.122670993208885193e-01 -5.672744289040565491e-02 3.071227110922336578e-02 5.119441449642181396e-02 2.822993099689483643e-01 -5.144595354795455933e-02 1.874414086341857910e-01 2.078416943550109863e-02 4.434962943196296692e-02 1.824515163898468018e-01 -2.448705285787582397e-01 -3.238649666309356689e-02 -2.384713664650917053e-02 -9.370946884155273438e-02 5.242243409156799316e-02 8.583222329616546631e-02 1.501571685075759888e-01
2.113626711070537567e-02 9.311239235103130341e-03 1.180243343114852905e-01 -5.492966994643211365e-02 -6.144502758979797363e-02 7.246848940849304199e-02 -1.076919361948966980e-01 2.263276278972625732e-01 1.436490863561630249e-01 -1.108344197273254395e-01 1.556352376937866211e-01 4.327946156263351440e-02 8.807098865509033203e-02 -1.858615577220916748e-01 -6.315330043435096741e-03 -9.093121439218521118e-02 -1.103807762265205383e-01 2.705720663070678711e-01 9.807676076889038086e-03 1.406212598085403442e-01
2.467876225709915161e-01 -6.368739996105432510e-03 -4.859718307852745056e-02 -1.140426322817802429e-01 -1.062892973423004150e-01 1.768804490566253662e-01 -2.022835612297058105e-01 2.101267874240875244e-02 4.531671851873397827e-02 -4.084748029708862305e-02 8.382444269955158234e-03 -4.660331830382347107e-02 -4.354418441653251648e-02 2.576618082821369171e-02 3.854678943753242493e-02 -5.417395010590553284e-02 -1.661004573106765747e-01 -1.173044927418231964e-02 -4.867832362651824951e-02 -1.395134627819061279e-01
1.648695319890975952e-01 -3.549326583743095398e-02 -5.158981308341026306e-02 -1.531410776078701019e-02 9.017653763294219971e-02 -1.156144067645072937e-01 -1.599408239126205444e-01 3.539080917835235596e-02 -1.625725030899047852e-01 9.119435399770736694e-02 7.231957465410232544e-02 4.763866774737834930e-03 -3.807448223233222961e-02 -1.862566322088241577e-01 -1.907865516841411591e-02 1.429673433303833008e-01 -7.772834599018096924e-02 2.170394212007522583e-01 6.037566065788269043e-02 -8.372815698385238647e-02
2.080177813768386841e-01 -1.684033125638961792e-01 7.280038297176361084e-02 -3.637493774294853210e-02 1.980857551097869873e-01 -9.723676741123199463e-02 2.029514405876398087e-03 1.320839226245880127e-01 7.144200056791305542e-02 6.921800225973129272e-02 8.021171391010284424e-02 -3.502025967463850975e-03 2.084702104330062866e-01 -2.879423797130584717e-01 -1.481378823518753052e-01 1.647066175937652588e-01 5.339792743325233459e-02 1.115310788154602051e-01 3.812151029706001282e-02 -3.165935352444648743e-02
2.015137225389480591e-01 -2.905149594880640507e-04 -4.861074313521385193e-02 -7.832567393779754639e-02 1.373517513275146484e-01 1.967750191688537598e-01 1.040509268641471863e-01 2.772637605667114258e-01 -2.040507197380065918e-01 -1.282369643449783325e-01 2.089359797537326813e-03 -1.220449805259704590e-01 4.835545271635055542e-02 -2.994796074926853180e-02 -1.413016468286514282e-01 2.437502294778823853e-01 -4.980242624878883362e-02 1.693771779537200928e-01 7.147158682346343994e-02 -7.900872826576232910e-02
3.093500733375549316e-01 1.569913700222969055e-02 2.151286900043487549e-01 -2.040830254554748535e-01 4.466514103114604950e-03 1.257361918687820435e-01 1.240122504532337189e-02 2.534710466861724854e-01 -1.428528875112533569e-01 -2.366129010915756226e-01 -1.828909367322921753e-01 8.993594907224178314e-03 1.661044210195541382e-01 -1.695573776960372925e-01 1.138809323310852051e-01 1.060683131217956543e-01 -2.616817653179168701e-01 6.303060054779052734e-02 -1.004046853631734848e-02 -1.584906727075576782e-01
2.711415588855743408e-01 -5.258988961577415466e-02 1.167489439249038696e-01 4.008254781365394592e-02 2.347494848072528839e-02 2.089601382613182068e-02 -4.268860816955566406e-02 2.807372510433197021e-01 -4.108715429902076721e-02 2.783839590847492218e-02 1.034780591726303101e-01 -1.892535388469696045e-02 1.577352583408355713e-01 -2.587786018848419189e-01 1.539830714464187622e-01 1.716322302818298340e-01 -2.406298369169235229e-01 7.410587370395660400e-02 -9.440605342388153076e-02 -2.227272093296051025e-02
2.633404135704040527e-01 -1.465308070182800293e-01 -4.763872548937797546e-02 -2.077247649431228638e-01 1.410422623157501221e-01 1.998459100723266602e-01 -5.589199066162109375e-02 1.849697083234786987e-01 -8.645746856927871704e-02 -2.193252742290496826e-01 4.895918816328048706e-02 -1.085874512791633606e-01 -2.723047882318496704e-02 -1.484769731760025024e-01 6.173884496092796326e-02 -7.383821159601211548e-02 -1.613423377275466919e-01 1.206175833940505981e-01 1.195750534534454346e-01 -1.234044283628463745e-01
1.575210392475128174e-01 1.884303241968154907e-01 6.555341929197311401e-02 2.695348300039768219e-02 1.784377098083496094e-01 1.422830224037170410e-01 1.515781227499246597e-02 2.344011813402175903e-01 -2.023503556847572327e-02 -6.429853290319442749e-02 -1.700717061758041382e-01 -1.388651877641677856e-01 9.247814863920211792e-02 1.463852706365287304e-03 1.009415760636329651e-01 1.932740956544876099e-01 -1.243690773844718933e-01 -9.877531789243221283e-03 1.511932164430618286e-01 -1.176898926496505737e-01
1.023191288113594055e-01 -8.299685269594192505e-02 2.025468647480010986e-01 -6.089929118752479553e-02 6.748206913471221924e-02 1.768589764833450317e-01 -1.158868372440338135e-01 -3.128010779619216919e-02 -1.116331815719604492e-01 -6.139101460576057434e-03 -1.287398040294647217e-01 2.938533015549182892e-02 2.844001948833465576e-01 -1.794050931930541992e-01 -2.875933609902858734e-02 1.948235183954238892e-02 1.540524605661630630e-02 1.434450410306453705e-02 1.757021397352218628e-01 -1.809094995260238647e-01
2.551281750202178955e-01 7.271935790777206421e-02 1.335170418024063110e-01 -1.459259390830993652e-01 8.097476512193679810e-02 2.057457715272903442e-02 -6.366049870848655701e-03 1.463320851325988770e-01 5.664849281311035156e-02 1.590768843889236450e-01 -3.559067100286483765e-02 1.946189627051353455e-02 2.905824482440948486e-01 -9.564276039600372314e-02 3.940756991505622864e-02 -1.018780246376991272e-01 -1.112783700227737427e-01 -3.421459347009658813e-02 -1.046367064118385315e-01 5.795306339859962463e-02
1.507471054792404175e-01 -7.370377331972122192e-02 3.065954446792602539e-01 -5.572992935776710510e-02 8.840250968933105469e-02 -2.645933255553245544e-02 -1.117052733898162842e-01 1.483516395092010498e-01 -4.349205642938613892e-02 -4.219822119921445847e-03 -1.392857730388641357e-01 -5.652376636862754822e-02 3.664073646068572998e-01 -3.765614926815032959e-01 5.827678367495536804e-02 9.634967148303985596e-02 -1.533570736646652222e-01 1.012895926833152771e-01 -9.698792360723018646e-03 7.346344739198684692e-02
-1.593891680240631104e-01 7.172925770282745361e-02 1.614893525838851929e-01 6.453468650579452515e-02 1.363494694232940674e-01 2.283216416835784912e-01 5.325765162706375122e-02 -1.533268392086029053e-01 -2.900832099840044975e-03 1.623396426439285278e-01 -2.453090157359838486e-03 -2.703097164630889893e-01 3.037248849868774414e-01 -3.894760310649871826e-01 2.406418323516845703e-01 -2.021781057119369507e-01 3.628500178456306458e-02 1.231995597481727600e-01 -5.423074960708618164e-02 1.432312577962875366e-01
5.594723671674728394e-02 -8.159671723842620850e-02 3.488993048667907715e-01 -1.220962870866060257e-02 3.445435166358947754e-01 1.532016843557357788e-01 -1.817364990711212158e-01 7.792458683252334595e-02 -2.587544173002243042e-02 1.275504529476165771e-01 -2.878315560519695282e-02 -3.393687009811401367e-01 3.511672019958496094e-01 -3.501188457012176514e-01 3.326309621334075928e-01 -1.805090606212615967e-01 1.379695087671279907e-01 1.211433932185173035e-01 -1.246675699949264526e-01 -4.427770152688026428e-02
2.073926031589508057e-01 2.281109392642974854e-01 3.792318701744079590e-02 3.993415273725986481e-03 1.002221833914518356e-02 1.542637357488274574e-03 2.046897709369659424e-01 1.340379267930984497e-01 -1.903898566961288452e-01 -1.702897697687149048e-01 6.683457642793655396e-02 -1.350785344839096069e-01 1.263333410024642944e-01 1.278467476367950439e-01 1.798672676086425781e-01 1.382695436477661133e-01 5.222617182880640030e-03 -9.810470044612884521e-02 -1.590258441865444183e-02 6.661341339349746704e-02
1.675982773303985596e-01 2.344678342342376709e-01 3.600420313887298107e-04 -5.913633853197097778e-02 1.668842695653438568e-02 -3.624166548252105713e-02 1.512503530830144882e-02 6.854403764009475708e-02 -4.094742983579635620e-02 -6.087271124124526978e-02 2.717242750804871321e-04 -1.628457903861999512e-01 1.569044142961502075e-01 6.860080361366271973e-02 5.242403969168663025e-02 4.212284088134765625e-02 -8.482850342988967896e-02 -1.147071123123168945e-01 -5.398511514067649841e-02 1.340488344430923462e-01
2.027033567428588867e-01 6.974248588085174561e-02 1.869090646505355835e-01 5.618543922901153564e-02 -9.301326423883438110e-02 6.239846814423799515e-03 2.625675797462463379e-01 2.199007868766784668e-01 -1.536315828561782837e-01 -4.764968901872634888e-02 3.812030330300331116e-02 9.665001928806304932e-02 9.199808537960052490e-02 -1.578119397163391113e-01 -7.108093053102493286e-02 2.309959828853607178e-01 -1.692210882902145386e-01 -6.075756251811981201e-02 -1.965429037809371948e-01 -1.393547505140304565e-01
1.346162259578704834e-01 1.167135983705520630e-01 2.109162807464599609e-01 9.302730113267898560e-02 -6.301826983690261841e-02 5.050674825906753540e-02 1.838433593511581421e-01 2.250699996948242188e-01 -1.722984313964843750e-01 -8.080690354108810425e-02 -1.826585978269577026e-01 -1.884477734565734863e-01 1.956338286399841309e-01 5.925942678004503250e-03 1.361801326274871826e-01 8.540723472833633423e-02 -3.448658809065818787e-02 -2.506958693265914917e-02 -1.234341412782669067e-01 -1.536720842123031616e-01
2.702713385224342346e-02 6.093939393758773804e-02 6.038793176412582397e-02 5.296855792403221130e-02 -1.027518138289451599e-02 -6.017813086509704590e-02 7.999845594167709351e-02 1.792184263467788696e-01 2.127692103385925293e-02 3.021652437746524811e-02 -2.121483385562896729e-01 -1.926644444465637207e-01 4.435051232576370239e-02 1.313481330871582031e-01 -3.398165851831436157e-02 1.126725301146507263e-01 -1.513883173465728760e-01 -2.028298377990722656e-01 -1.110007166862487793e-01 -1.048900261521339417e-01
1.248942315578460693e-01 -5.959361046552658081e-02 2.621456682682037354e-01 -4.509918019175529480e-02 8.907957375049591064e-02 -1.253627091646194458e-01 -5.262272804975509644e-02 1.436672657728195190e-01 -1.705170273780822754e-01 -7.224875688552856445e-02 -9.950321167707443237e-02 4.038084670901298523e-02 -7.696090638637542725e-02 -7.295466214418411255e-02 -1.779933692887425423e-03 -1.252712905406951904e-01 1.056147087365388870e-02 -2.053400129079818726e-01 6.360764056444168091e-02 -3.639747947454452515e-02
-1.111139133572578430e-01 1.792615056037902832e-01 -4.202044382691383362e-02 8.083871752023696899e-02 -8.018350601196289062e-02 9.537994116544723511e-02 -4.471368342638015747e-02 1.148799061775207520e-01 7.029362022876739502e-02 3.536092862486839294e-02 -1.177358180284500122e-01 -5.066286772489547729e-02 -8.815660327672958374e-02 -8.222824335098266602e-02 2.271846234798431396e-01 3.732431679964065552e-02 -1.256198585033416748e-01 -2.224257886409759521e-01 7.108578830957412720e-02 -3.213318437337875366e-02
1.068724021315574646e-01 4.876023530960083008e-02 6.544349342584609985e-02 -2.399190329015254974e-02 1.177638303488492966e-02 3.248799219727516174e-02 -7.157396525144577026e-02 1.063400954008102417e-01 -1.114232018589973450e-01 5.973199382424354553e-03 -2.772011458873748779e-01 -7.773589342832565308e-02 -6.048298999667167664e-02 -2.099604345858097076e-02 1.836279332637786865e-01 -2.116688787937164307e-01 -1.911948174238204956e-01 -1.313887834548950195e-01 9.589681029319763184e-02 -1.628834605216979980e-01
3.732018545269966125e-02 1.236896887421607971e-01 -4.399598389863967896e-02 3.944683074951171875e-02 -1.091784313321113586e-01 -8.537659794092178345e-02 6.017656251788139343e-02 4.816897585988044739e-02 -1.248394772410392761e-01 -7.758187502622604370e-02 -8.572683483362197876e-02 -1.423388719558715820e-01 -6.073525175452232361e-02 1.252147853374481201e-01 -6.911684572696685791e-02 -2.380595207214355469e-01 7.253340445458889008e-03 -3.230557143688201904e-01 -1.089606955647468567e-01 -1.252779513597488403e-01
2.699066698551177979e-01 -4.899320006370544434e-02 -4.154230281710624695e-02 1.523417085409164429e-01 -6.017655879259109497e-02 -1.725266277790069580e-01 8.375159464776515961e-03 -9.435869753360748291e-02 -2.481314241886138916e-01 -9.589143097400665283e-02 -8.735814690589904785e-02 3.145759925246238708e-02 -1.637445390224456787e-01 9.035543352365493774e-02 1.433179527521133423e-01 -6.434183567762374878e-03 8.855675160884857178e-02 -1.715759634971618652e-01 -1.461880952119827271e-01 -9.492149204015731812e-02
1.514222323894500732e-01 1.832154989242553711e-01 7.758625596761703491e-02 -1.716187298297882080e-01 -2.134933695197105408e-02 -1.013083234429359436e-01 1.588469892740249634e-01 8.692906796932220459e-02 -2.713902294635772705e-02 -2.433547675609588623e-01 -1.676840782165527344e-01 -1.447546016424894333e-02 -1.220671385526657104e-01 1.731038987636566162e-01 -1.490830779075622559e-01 8.461055113002657890e-04 -1.318101286888122559e-01 -2.702710330486297607e-01 -1.015644595026969910e-01 -1.894636824727058411e-02
2.007254958152770996e-01 1.271208822727203369e-01 -2.340878695249557495e-01 -1.584142446517944336e-01 -1.592356562614440918e-01 -2.647012472152709961e-01 2.566112875938415527e-01 9.674112498760223389e-02 -1.803562492132186890e-01 -3.049258291721343994e-01 -2.920110225677490234e-01 -1.660268637351691723e-03 -2.645241841673851013e-02 -1.062772423028945923e-02 -5.082471296191215515e-02 9.424927830696105957e-02 -2.276478409767150879e-01 -1.454367488622665405e-01 -2.158455736935138702e-02 4.019452631473541260e-02
4.997405111789703369e-01 2.242288142442703247e-01 -1.960242241621017456e-01 -6.338821258395910263e-03 -3.041934967041015625e-01 -4.112873375415802002e-01 1.358663439750671387e-01 9.970114380121231079e-02 -3.593504726886749268e-01 -2.776953876018524170e-01 -1.589502841234207153e-01 2.970963716506958008e-01 -1.139491721987724304e-01 2.477752566337585449e-01 -2.372623533010482788e-01 2.337461113929748535e-01 -2.376291155815124512e-02 -2.630087733268737793e-01 1.381390690803527832e-01 -7.326696813106536865e-02
3.553370535373687744e-01 -2.551234327256679535e-02 -3.464795053005218506e-01 -4.139173626899719238e-01 -1.577311009168624878e-01 -3.840261697769165039e-01 3.324907720088958740e-01 6.430749595165252686e-02 -3.964635431766510010e-01 -3.154495060443878174e-01 -3.451167643070220947e-01 1.824289262294769287e-01 -2.770707607269287109e-01 5.300160497426986694e-02 -3.436864912509918213e-01 2.270228862762451172e-01 -1.745182424783706665e-01 -1.373873651027679443e-01 1.502396166324615479e-01 -8.246359974145889282e-02
6.299619674682617188e-01 1.244513019919395447e-01 -4.579195082187652588e-01 -5.054130554199218750e-01 -3.709657490253448486e-01 -3.774964213371276855e-01 2.258007675409317017e-01 7.221923768520355225e-02 -5.103394985198974609e-01 -2.672043442726135254e-01 -3.543746769428253174e-01 4.540819823741912842e-01 -3.737066984176635742e-01 4.769562184810638428e-02 -3.385343253612518311e-01 3.601454198360443115e-01 -2.742090523242950439e-01 1.142095029354095459e-01 7.793298922479152679e-03 6.942541152238845825e-02
8.257879018783569336e-01 1.733035892248153687e-01 -5.850183963775634766e-01 -3.824039697647094727e-01 -6.174657940864562988e-01 -6.530926227569580078e-01 3.714252412319183350e-01 9.090331196784973145e-02 -6.687690615653991699e-01 -6.116654276847839355e-01 -3.845355212688446045e-01 4.706123471260070801e-01 -4.961621463298797607e-01 3.197816610336303711e-01 -7.193499207496643066e-01 4.780959188938140869e-01 -3.775753676891326904e-01 1.100067496299743652e-01 3.806222081184387207e-01 -1.598244160413742065e-01
