-5.963001251220703125e-01 -5.610792040824890137e-01 -4.979332163929939270e-02 2.283962815999984741e-01 -4.439637959003448486e-01 3.891338706016540527e-01 1.619065403938293457e-01 -1.321118883788585663e-02 4.348193705081939697e-01 6.782562136650085449e-01
3.470875620841979980e-01 -8.901230245828628540e-02 4.764591157436370850e-01 4.073589146137237549e-01 5.922663956880569458e-02 -3.608422577381134033e-01 1.005955487489700317e-01 3.804607391357421875e-01 -6.180220842361450195e-01 -4.480100274085998535e-01
5.482825040817260742e-01 2.423998415470123291e-01 -6.606172770261764526e-02 -5.451987981796264648e-01 1.731351464986801147e-01 -3.647255003452301025e-01 3.868834972381591797e-01 -1.148040294647216797e-01 -4.269413352012634277e-01 3.443647325038909912e-01
6.174176931381225586e-01 6.248767971992492676e-01 -7.829299569129943848e-01 -5.332896113395690918e-01 3.195692002773284912e-01 1.975616216659545898e-01 -2.349333465099334717e-01 -7.511593699455261230e-01 7.182919979095458984e-02 -2.769775688648223877e-01
4.593908190727233887e-01 1.556235700845718384e-01 -6.139139533042907715e-01 -4.980745017528533936e-01 -3.968059420585632324e-01 -2.946339845657348633e-01 -1.213709712028503418e-01 1.046205386519432068e-01 1.979481279850006104e-01 1.241224259138107300e-01
-1.223112419247627258e-01 4.630152285099029541e-01 -5.237320661544799805e-01 -3.957239985466003418e-01 1.069295108318328857e-01 3.400942683219909668e-02 4.470781683921813965e-01 -2.547457814216613770e-01 -4.509034752845764160e-01 3.874619603157043457e-01
-5.045763254165649414e-01 -3.507733047008514404e-01 4.846784472465515137e-01 3.330343961715698242e-01 2.453228980302810669e-01 -3.142711222171783447e-01 1.538748145103454590e-01 1.599730998277664185e-01 2.979480624198913574e-01 6.847580522298812866e-02
2.962326705455780029e-01 3.019596040248870850e-01 3.561352193355560303e-01 4.399131834506988525e-01 -4.583573341369628906e-01 -1.377704143524169922e-01 3.462686762213706970e-02 7.508856803178787231e-02 2.938780188560485840e-01 2.119673639535903931e-01
1.356893479824066162e-01 9.787513315677642822e-02 -4.889728501439094543e-02 3.367083072662353516e-01 -2.227208167314529419e-01 -3.211530745029449463e-01 -3.201813101768493652e-01 -4.777183234691619873e-01 1.346307694911956787e-01 -2.897219955921173096e-01
5.178669691085815430e-01 1.035397425293922424e-01 2.853871583938598633e-01 -5.986336618661880493e-02 -3.574717938899993896e-01 -3.554654121398925781e-01 -6.124363541603088379e-01 -3.960205316543579102e-01 4.750770628452301025e-01 -4.745962321758270264e-01
3.626364767551422119e-01 9.441734850406646729e-02 -4.775841832160949707e-01 4.211546480655670166e-01 -3.245341479778289795e-01 -1.805964708328247070e-01 -7.792959809303283691e-01 -7.235512137413024902e-01 -3.094752319157123566e-03 3.170093595981597900e-01
-6.403385400772094727e-01 -3.998982012271881104e-01 6.663102507591247559e-01 6.829286217689514160e-01 -8.763119578361511230e-02 1.769290566444396973e-01 2.873068153858184814e-01 1.950184106826782227e-01 2.980268895626068115e-01 2.137654721736907959e-01
4.392829239368438721e-01 4.758056104183197021e-01 -5.361189246177673340e-01 -2.017082870006561279e-01 3.902765810489654541e-01 -2.169910967350006104e-01 1.189194843173027039e-01 7.560060918331146240e-02 2.234650552272796631e-01 4.466432034969329834e-01
-2.621308565139770508e-01 -4.432700201869010925e-02 3.003675639629364014e-01 8.895162492990493774e-02 1.371453851461410522e-01 -8.397579193115234375e-02 -6.401930004358291626e-02 5.375720262527465820e-01 -2.594146430492401123e-01 -3.434219956398010254e-01
4.801560938358306885e-01 2.381144315004348755e-01 -8.615616708993911743e-02 -4.852100312709808350e-01 -3.930747807025909424e-01 2.840729355812072754e-01 3.199261724948883057e-01 4.400541186332702637e-01 -1.839061081409454346e-01 -3.755098879337310791e-01
-1.393161073792725801e-05 -4.532694518566131592e-01 -4.763335287570953369e-01 -7.720215618610382080e-02 3.754447698593139648e-01 -8.858504891395568848e-02 8.626278489828109741e-02 -1.960375308990478516e-01 7.959488034248352051e-01 4.438210725784301758e-01
7.817276716232299805e-01 7.737164497375488281e-01 -8.997305631637573242e-01 -1.022903203964233398e+00 1.070812866091728210e-01 1.736887097358703613e-01 -7.187833786010742188e-01 -9.168176651000976562e-01 -2.397180199623107910e-01 -4.522496461868286133e-01
-4.224095344543457031e-01 -3.576029241085052490e-01 4.379827380180358887e-01 2.171358168125152588e-01 5.630039051175117493e-02 -2.164015769958496094e-01 -2.357997298240661621e-01 -3.254052698612213135e-01 2.121917605400085449e-01 6.474716663360595703e-01
-5.165557861328125000e-01 -3.975627124309539795e-01 6.310859322547912598e-01 -1.081623733043670654e-01 1.832976937294006348e-01 4.790169000625610352e-02 -2.339788340032100677e-02 -4.329208731651306152e-01 3.692653775215148926e-01 6.223011612892150879e-01
1.912080347537994385e-01 4.155801609158515930e-02 -2.163765579462051392e-01 1.283774375915527344e-01 4.085698127746582031e-01 -3.642628788948059082e-01 -2.501716017723083496e-01 8.850140869617462158e-02 4.424915015697479248e-01 1.282774209976196289e-01
